"<HEADER software/>"
EwEVersion,"6.7.0.17868 (compiled 5/31/2022)"
Date,"7/27/2023 4:35:40 PM"
"<HEADER ecopath/>"
ModelName,1
"<HEADER ecosim/>"
EcosimScenario,spa_01_adjTry3
TimeSeries,TS_updated_IB13
StartYear,1980
"<HEADER end/>"

Data,"Prey of White shrimp"

timestep\group,"Sessile epifauna","Mobile epifauna",Infauna,Algae,Phytoplankton,Detritus,
1,0.01566686,0.005738946,0.02505874,0.1760955,0.1418183,0.6356217
2,0.01449293,0.005278023,0.02316291,0.1886947,0.1540262,0.6143451
3,0.01288067,0.004669562,0.0210152,0.2062103,0.1753061,0.5799181
4,0.01360533,0.004856604,0.02144515,0.2015018,0.1730391,0.5855521
5,0.01561437,0.005436462,0.02302658,0.1882287,0.1629491,0.6047449
6,0.01911851,0.006436734,0.02560303,0.169159,0.1432397,0.636443
7,0.02326438,0.007542323,0.02814158,0.1552855,0.1260464,0.6597198
8,0.02576879,0.008060353,0.02881554,0.1541439,0.1213689,0.6618425
9,0.02836345,0.008572279,0.02948211,0.1486152,0.1123945,0.6725724
10,0.03032994,0.008884279,0.02984567,0.1444979,0.1055609,0.6808813
11,0.02866538,0.008203405,0.02791302,0.1512149,0.1109255,0.6730779
12,0.03328121,0.009235808,0.03036734,0.1300648,0.08691681,0.7101341
13,0.02916816,0.007986971,0.02766308,0.1520839,0.09507096,0.6880269
14,0.02114202,0.005807442,0.02255534,0.1784783,0.1187089,0.653308
15,0.01867654,0.005178252,0.02221682,0.173834,0.1173725,0.662722
16,0.01551695,0.00441802,0.0215149,0.1872795,0.1338103,0.6374603
17,0.01299099,0.003822193,0.02089165,0.2041781,0.1572216,0.6008955
18,0.01324768,0.003981517,0.02251957,0.1987178,0.1604981,0.6010352
19,0.01495923,0.004548042,0.02514651,0.1866126,0.1527293,0.6160043
20,0.01816933,0.005520573,0.02864669,0.1696117,0.135242,0.6428096
21,0.0221435,0.006671839,0.03205344,0.1566508,0.1188558,0.6636246
22,0.02238382,0.006710504,0.03075302,0.1699844,0.123003,0.6471652
23,0.02322255,0.0069042,0.03028936,0.1679406,0.115219,0.6564243
24,0.02025077,0.006036701,0.0266668,0.1852092,0.1258926,0.635944
25,0.01648585,0.005002999,0.02356981,0.2127174,0.1142382,0.6279858
26,0.01494544,0.004643668,0.02319982,0.2134697,0.1174878,0.6262535
27,0.01417708,0.004521513,0.02359391,0.2131914,0.1202964,0.6242197
28,0.01481655,0.004818508,0.02531603,0.202418,0.115025,0.6376059
29,0.01461152,0.004852703,0.02568248,0.2062322,0.1195154,0.6291057
30,0.01528998,0.005146726,0.02682241,0.1991958,0.115366,0.6381791
31,0.01713677,0.005798198,0.02920502,0.1846014,0.105218,0.6580405
32,0.01887256,0.006388388,0.0310382,0.1771629,0.09900108,0.6675368
33,0.0211332,0.007101306,0.03306672,0.1679441,0.09046461,0.68029
34,0.02214885,0.007377058,0.03335712,0.16874,0.08848727,0.6798897
35,0.01654377,0.005549992,0.02623741,0.2111893,0.1141294,0.6263503
36,0.01317679,0.004509996,0.02300677,0.2237174,0.1225629,0.613026
37,0.01223504,0.004268017,0.02268955,0.2137813,0.1492297,0.5977964
38,0.01218728,0.00432469,0.02311115,0.2136367,0.1502205,0.5965197
39,0.01219177,0.004391939,0.02316469,0.2189524,0.1563783,0.5849209
40,0.01235065,0.004489956,0.02296186,0.2239757,0.1631852,0.5730366
41,0.01297014,0.004717229,0.02304623,0.2234502,0.167001,0.5688152
42,0.01536673,0.00551698,0.02508179,0.2040437,0.152608,0.5973827
43,0.01983935,0.006950866,0.02894805,0.1768575,0.1276928,0.6397113
44,0.02601802,0.008826092,0.03359112,0.1545845,0.1042292,0.6727511
45,0.03196049,0.0104662,0.03683957,0.1477353,0.09194703,0.6810514
46,0.02975092,0.009466015,0.03245701,0.171284,0.1075731,0.6494688
47,0.01925393,0.006075663,0.02273748,0.2093993,0.1461066,0.596427
48,0.01691881,0.005323604,0.02167604,0.1985147,0.1415125,0.6160543
49,0.01598359,0.005091333,0.02267425,0.2017837,0.1185766,0.6358906
50,0.0148891,0.004827604,0.02325337,0.2051434,0.127523,0.6243635
51,0.01401415,0.004626135,0.0235815,0.2091746,0.1359139,0.6126897
52,0.01366996,0.004587873,0.02422081,0.2106586,0.1421055,0.6047572
53,0.01411445,0.004792999,0.0254737,0.2064751,0.1424117,0.6067321
54,0.01569613,0.005351081,0.02775836,0.1941472,0.1336454,0.6234018
55,0.01877474,0.006362832,0.03138164,0.1756705,0.1171934,0.6506169
56,0.02316277,0.007734382,0.03575482,0.1588059,0.09995081,0.6745913
57,0.02406772,0.007928295,0.03522869,0.1693973,0.1027618,0.6606162
58,0.0199303,0.006526763,0.02932844,0.1981377,0.1186423,0.6274346
59,0.01695645,0.005571569,0.02604893,0.2051989,0.1208634,0.6253607
60,0.01479754,0.004931608,0.02444876,0.2113627,0.1248036,0.6196558
61,0.0143512,0.004851582,0.02478161,0.203024,0.1296325,0.6233591
62,0.01303852,0.004504008,0.02391215,0.2148848,0.1394668,0.6041937
63,0.01274927,0.004488948,0.02409005,0.2166903,0.1412424,0.6007391
64,0.01347135,0.004810508,0.02535517,0.2095649,0.1362356,0.6105625
65,0.01500247,0.00539418,0.02730177,0.1974897,0.1267542,0.6280576
66,0.01754744,0.006295361,0.03006966,0.1813058,0.1128615,0.6519202
67,0.02073709,0.007368948,0.03302169,0.1677613,0.09975547,0.6713555
68,0.02282076,0.008010332,0.03408682,0.1658713,0.09480089,0.6744099
69,0.02207595,0.007667474,0.0318841,0.1759784,0.09936803,0.6630261
70,0.01746962,0.00607728,0.02624332,0.2006371,0.1166704,0.6329022
71,0.013527,0.004784918,0.02255123,0.2170804,0.1310938,0.6109627
72,0.01377583,0.004931659,0.02402468,0.1991547,0.1205345,0.6375786
73,0.01324357,0.004832639,0.02452569,0.2014121,0.1277191,0.6282669
74,0.01298624,0.004814764,0.02487229,0.2026096,0.130584,0.6241332
75,0.01319933,0.004959341,0.02562218,0.2002062,0.1300002,0.6260127
76,0.0136864,0.005195125,0.02648082,0.1967878,0.127672,0.630178
77,0.01353811,0.005193914,0.02621843,0.2015945,0.1309681,0.6224869
78,0.01460098,0.005623372,0.02750295,0.1913356,0.1217894,0.6391476
79,0.01741887,0.006669503,0.03089395,0.1706806,0.1040457,0.6702914
80,0.02062486,0.007809279,0.03415147,0.1582557,0.09153719,0.6876216
81,0.01674208,0.006346347,0.0280479,0.1988571,0.1168225,0.6331841
82,0.01381874,0.005285204,0.0243718,0.2099484,0.1243462,0.6222296
83,0.01224082,0.004764576,0.02318432,0.2142705,0.1291293,0.6164104
84,0.01253237,0.004948143,0.02446029,0.2027733,0.122284,0.6330019
85,0.01289971,0.005162024,0.02553973,0.1973667,0.1223882,0.6366436
86,0.01202268,0.004893483,0.02448469,0.2100063,0.1323391,0.6162538
87,0.01195091,0.00493006,0.02451013,0.2092258,0.1323973,0.6169858
88,0.0131442,0.005457263,0.02629207,0.1950717,0.1223148,0.63772
89,0.01453912,0.00604831,0.02804251,0.1850437,0.114527,0.6517993
90,0.01614198,0.006690134,0.02967692,0.1761167,0.106133,0.6652412
91,0.01946997,0.007954553,0.03316585,0.1572809,0.08905873,0.69307
92,0.02231273,0.00896514,0.03551678,0.1513125,0.08122083,0.7006721
93,0.02544701,0.009986345,0.03758309,0.1454202,0.07302682,0.7085366
94,0.02391489,0.009202183,0.03418579,0.1621357,0.08102401,0.6895374
95,0.01761981,0.006736438,0.02647822,0.1918265,0.09921616,0.6581228
96,0.01137948,0.004449219,0.02048858,0.2235898,0.1201373,0.6199556
97,0.009160802,0.003684182,0.01955455,0.2211611,0.1632166,0.5832227
98,0.009166674,0.003764921,0.02074957,0.219347,0.1670145,0.5799573
99,0.009784817,0.004071635,0.0219672,0.2184511,0.1706516,0.5750737
100,0.01240573,0.005129453,0.02540649,0.1924412,0.1487297,0.6158875
101,0.01786795,0.007234357,0.03200155,0.1564699,0.1171096,0.6693165
102,0.02513666,0.009911192,0.03918541,0.1300737,0.08985915,0.7058339
103,0.03139179,0.01199834,0.0429716,0.1331335,0.08247423,0.6980305
104,0.03540869,0.01307948,0.04326097,0.1423,0.08098553,0.6849654
105,0.03446653,0.0123205,0.0389998,0.1560856,0.08537337,0.6727542
106,0.02516268,0.008813369,0.02890898,0.1803857,0.1019884,0.6547409
107,0.01468461,0.005199411,0.02029361,0.2053161,0.1248806,0.6296257
108,0.009384668,0.003478681,0.01752412,0.2286689,0.1519689,0.5889748
109,0.008339684,0.003268248,0.01895118,0.2420983,0.1234152,0.6039274
110,0.008212741,0.003406061,0.0214038,0.2366467,0.1318824,0.5984484
111,0.008595643,0.003719507,0.02358269,0.2304589,0.1345306,0.5991127
112,0.009509739,0.004236189,0.0259496,0.2195098,0.130448,0.6103467
113,0.01015195,0.004624756,0.02707208,0.2172386,0.1300838,0.6108288
114,0.01056764,0.004895705,0.02731055,0.2165153,0.1295846,0.6111261
115,0.01283223,0.005944256,0.03077515,0.1905594,0.1100963,0.6497926
116,0.01437464,0.006650975,0.03241034,0.1846316,0.1038967,0.6580358
117,0.0151755,0.006980921,0.03238655,0.1842329,0.1007919,0.6604322
118,0.01580085,0.007208192,0.0321938,0.1805692,0.09601448,0.6682135
119,0.01654404,0.007468601,0.03238221,0.1743002,0.08983177,0.6794732
120,0.01425143,0.006432344,0.02837904,0.1927412,0.1011199,0.657076
121,0.01082581,0.004963974,0.02364705,0.2196789,0.1102389,0.6306453
122,0.00908421,0.004281232,0.0222831,0.2256158,0.1176477,0.621088
123,0.008577975,0.004165847,0.02305884,0.2215778,0.1200098,0.6226098
124,0.008394855,0.0042006,0.02413386,0.2201337,0.1241702,0.6189668
125,0.008275936,0.004256167,0.02486454,0.2222037,0.1294336,0.610966
126,0.008987023,0.004702128,0.02691578,0.2105184,0.1231007,0.6257759
127,0.01046944,0.005514101,0.03016442,0.192729,0.1108676,0.6502554
128,0.0121019,0.006367462,0.03303158,0.1816568,0.1012332,0.6656091
129,0.01323906,0.006924433,0.03424942,0.1798023,0.09643507,0.6693497
130,0.01378939,0.007148535,0.03408687,0.1810189,0.09346557,0.6704907
131,0.0122842,0.006354958,0.03031048,0.1983813,0.101214,0.651455
132,0.009295714,0.004882739,0.02470027,0.2263252,0.1168362,0.6179599
133,0.008050693,0.004325263,0.02308535,0.2234607,0.1327483,0.6083297
134,0.007561908,0.004172195,0.02309192,0.2240122,0.1365693,0.6045924
135,0.007507599,0.004246483,0.02371624,0.2233845,0.1399473,0.6011978
136,0.007610873,0.00439485,0.02423721,0.2239892,0.143728,0.5960398
137,0.008161403,0.004771765,0.02535409,0.2169207,0.1408402,0.6039518
138,0.009758095,0.00570297,0.0283919,0.1950015,0.1248464,0.6362992
139,0.01242363,0.007172717,0.03294325,0.1709541,0.1046196,0.6718867
140,0.01505694,0.008543142,0.0363892,0.1610699,0.09308855,0.6858523
141,0.01733983,0.009615205,0.03834687,0.1581335,0.08599453,0.6905701
142,0.01485598,0.008113515,0.03206716,0.1874316,0.1038572,0.6536746
143,0.01034887,0.005669119,0.0241585,0.2149063,0.1250714,0.6198457
144,0.008571757,0.004765488,0.02227016,0.2144136,0.127932,0.622047
145,0.008521629,0.004800796,0.0234866,0.1973861,0.1318696,0.6339353
146,0.007898198,0.004536831,0.02326797,0.2053767,0.1426014,0.6163189
147,0.007994488,0.004655046,0.02401816,0.2025963,0.1422556,0.6184803
148,0.008585436,0.005040662,0.02547416,0.1946938,0.1370022,0.6292037
149,0.009383339,0.005524987,0.02692907,0.1871265,0.1305855,0.6404506
150,0.01001799,0.005897366,0.02767937,0.1837887,0.1264875,0.6461291
151,0.009848166,0.005805521,0.02668863,0.1901279,0.130461,0.6370688
152,0.01116015,0.006526723,0.02862852,0.1728011,0.114026,0.6668575
153,0.01239664,0.007186389,0.03034186,0.1641014,0.1051588,0.6808149
154,0.0119315,0.006881822,0.02877304,0.1738853,0.1112563,0.6672722
155,0.009302996,0.005408984,0.02382438,0.2017477,0.1350869,0.624629
156,0.007878415,0.004647931,0.02186385,0.2114366,0.1467421,0.6074311
157,0.007689073,0.004640237,0.02308267,0.2195125,0.1089874,0.6360881
158,0.007823063,0.004830954,0.02498423,0.2138896,0.1099995,0.6384727
159,0.007734134,0.00487142,0.02576995,0.2154773,0.1134866,0.6326605
160,0.007631291,0.004892627,0.02622415,0.2166885,0.115834,0.6287294
161,0.007859574,0.005106737,0.02732278,0.2111423,0.1130664,0.6355022
162,0.008118624,0.005331577,0.02830685,0.2073129,0.1108258,0.6401043
163,0.008087321,0.005364606,0.02835325,0.2094554,0.1119029,0.6368365
164,0.008425652,0.005618982,0.02928287,0.2026517,0.1066979,0.6473228
165,0.008488984,0.005693685,0.0294541,0.2028902,0.1058616,0.6476114
166,0.008669781,0.005831938,0.02987147,0.199403,0.1022531,0.6539708
167,0.008137592,0.005515819,0.02852035,0.2087502,0.1067297,0.6423464
168,0.008207726,0.005588349,0.02888742,0.202389,0.1015059,0.6534215
169,0.007345517,0.005062035,0.02639422,0.20791,0.1337573,0.6195309
170,0.006559785,0.004589762,0.02435568,0.2187017,0.1410421,0.6047509
171,0.006358316,0.004520207,0.02413145,0.2203865,0.1434969,0.6011068
172,0.00638262,0.004602018,0.02435879,0.2210531,0.1458981,0.5977053
173,0.007410344,0.005353283,0.02697404,0.2009728,0.130761,0.6285285
174,0.008458495,0.006095212,0.02914249,0.1899106,0.1216637,0.6447296
175,0.00992492,0.007073242,0.03176544,0.1760965,0.108259,0.6668808
176,0.01164854,0.008163831,0.03446397,0.164797,0.09592966,0.684997
177,0.01273067,0.008757434,0.0352743,0.1637875,0.09119062,0.6882595
178,0.01165813,0.007908708,0.03160019,0.179353,0.09987952,0.6696005
179,0.009085981,0.006156388,0.0258925,0.2001473,0.1149054,0.6438125
180,0.007754243,0.005296698,0.02387643,0.2013731,0.1171919,0.6445075
181,0.006785169,0.004702278,0.02274498,0.2007439,0.1416519,0.6233717
182,0.006173202,0.004352046,0.02219881,0.2079274,0.1516342,0.6077144
183,0.006442585,0.004590893,0.02344904,0.2008734,0.1482188,0.6164253
184,0.006357374,0.004578182,0.02333603,0.2086056,0.1582198,0.598903
185,0.006271226,0.004538366,0.02275787,0.2169178,0.1684871,0.5810276
186,0.006925538,0.004980706,0.0238096,0.2078511,0.1626123,0.5938208
187,0.008318179,0.005883771,0.02630152,0.1887495,0.1462673,0.6244797
188,0.01068999,0.007364195,0.03029533,0.1649469,0.1218127,0.6648908
189,0.01286842,0.008610918,0.03302589,0.1565523,0.1094285,0.6795139
190,0.01287552,0.008404088,0.03119445,0.1679088,0.1158941,0.6637231
191,0.01241754,0.007930305,0.02915779,0.169774,0.1165709,0.6641495
192,0.01075053,0.006785897,0.02592887,0.1785974,0.1265169,0.6514205
193,0.008774314,0.005570737,0.0233849,0.2008805,0.1143207,0.6470688
194,0.008129696,0.005214281,0.02368435,0.1967174,0.1148958,0.6513585
195,0.007592548,0.004946393,0.02412463,0.198013,0.119325,0.6459985
196,0.00693832,0.004612389,0.02401938,0.2057492,0.1285758,0.630105
197,0.006546945,0.004443654,0.02427704,0.2104103,0.1356298,0.6186923
198,0.007070757,0.004856929,0.02657454,0.1974731,0.1276919,0.6363328
199,0.007860123,0.005434013,0.02916953,0.1866631,0.1199874,0.6508858
200,0.00926111,0.006373251,0.03274362,0.1712269,0.106137,0.6742582
201,0.00980765,0.006717188,0.0334529,0.1747006,0.105277,0.6700447
202,0.008851693,0.006059718,0.03018649,0.1938802,0.1148328,0.6461891
203,0.007378727,0.005103008,0.02635023,0.212035,0.1244481,0.6246849
204,0.006848384,0.004805359,0.02559667,0.211376,0.122667,0.6287066
205,0.006369845,0.004560092,0.02497012,0.2137308,0.1341867,0.6161824
206,0.005906448,0.004326524,0.02419521,0.2229948,0.1410451,0.601532
207,0.005847708,0.004372398,0.02440816,0.2244766,0.1429072,0.5979878
208,0.006195674,0.004699585,0.02554048,0.2179104,0.1391815,0.6064724
209,0.006556116,0.00502211,0.02633922,0.2139871,0.1373866,0.6107088
210,0.007192506,0.005522818,0.02762674,0.2041139,0.1302311,0.625313
211,0.008755019,0.006657948,0.03113782,0.181272,0.1114805,0.6606967
212,0.01069388,0.007999882,0.03493119,0.1653779,0.09655789,0.6844392
213,0.01231626,0.009022231,0.03712349,0.1608757,0.08921652,0.6914458
214,0.0125589,0.009006039,0.03577944,0.1685033,0.09139933,0.6827531
215,0.01119302,0.007897118,0.03147097,0.1812004,0.09902564,0.6692129
216,0.007799581,0.005525855,0.02409631,0.2127191,0.1220593,0.6277999
217,0.006161409,0.004436973,0.02163717,0.2146316,0.1437159,0.6094169
218,0.005510117,0.004057671,0.02157717,0.2190427,0.1528926,0.5969198
219,0.005434056,0.00408014,0.02248353,0.2202452,0.1587481,0.5890089
220,0.005627261,0.004280032,0.02342244,0.2212346,0.1623723,0.5830634
221,0.006322069,0.004817761,0.02516794,0.2114911,0.1551944,0.5970067
222,0.006839102,0.005196511,0.02582652,0.2093982,0.1541811,0.5985586
223,0.008044059,0.006031427,0.02798906,0.1926068,0.1385218,0.6268069
224,0.01037051,0.007593587,0.03241576,0.1670799,0.1134122,0.6691281
225,0.01118206,0.008019428,0.03251828,0.1724985,0.1134469,0.6623349
226,0.01053175,0.007420998,0.02955089,0.1835145,0.1205751,0.6484069
227,0.009604959,0.006687117,0.02695739,0.1868897,0.1240958,0.645765
228,0.008268473,0.005744089,0.02433946,0.1951291,0.1341098,0.6324092
229,0.006737768,0.004712897,0.0216895,0.2102068,0.15909,0.597563
230,0.00651552,0.0045717,0.02189088,0.2092028,0.162151,0.595668
231,0.006818742,0.004777363,0.02302298,0.2040957,0.1619947,0.5992906
232,0.007060993,0.004915325,0.02347027,0.2051531,0.1671478,0.5922526
233,0.007805795,0.005353129,0.02466006,0.1970707,0.1612055,0.6039047
234,0.008630722,0.005803541,0.02568731,0.1903605,0.1559897,0.6135283
235,0.01072035,0.007005454,0.02898993,0.1684087,0.1320583,0.6528174
236,0.01430809,0.009029971,0.03454263,0.1434071,0.1042199,0.6944923
237,0.01772042,0.01078323,0.03844069,0.1375844,0.09188024,0.703591
238,0.02037957,0.01193833,0.04009096,0.1389244,0.08585007,0.7028167
239,0.0180508,0.01025188,0.03412906,0.1633359,0.1001732,0.6740593
240,0.0158319,0.008770272,0.02989545,0.1645658,0.09927215,0.6816644
241,0.01394025,0.007594258,0.02705864,0.1551564,0.1153972,0.6808532
242,0.008453907,0.004666727,0.01992274,0.1965581,0.1553583,0.6150401
243,0.006732213,0.003783835,0.01896676,0.2075323,0.1786373,0.5843475
244,0.00732319,0.004131943,0.021333,0.1918709,0.1725351,0.6028059
245,0.008091822,0.004555494,0.0231724,0.1869128,0.1725271,0.6047403
246,0.008576607,0.004783609,0.02338543,0.1924057,0.1762037,0.594645
247,0.01102112,0.006007241,0.02678416,0.1672607,0.1450503,0.6438765
248,0.01489214,0.007880192,0.03182148,0.1429293,0.1169713,0.6855055
249,0.01777365,0.009134918,0.0340489,0.1422087,0.1082366,0.6885972
250,0.01699649,0.008533146,0.03074863,0.1592083,0.1186288,0.6658846
251,0.01370408,0.006793889,0.02526701,0.1764459,0.1359655,0.6418236
252,0.01145798,0.005658188,0.02249162,0.1819753,0.145353,0.6330639
253,0.009415608,0.004748244,0.02121012,0.2060343,0.1247664,0.6338253
254,0.008210136,0.004256326,0.0211403,0.213761,0.1394028,0.6132294
255,0.008224841,0.004352944,0.02259636,0.2082108,0.1407275,0.6158876
256,0.00891172,0.004777506,0.0248085,0.1977221,0.136297,0.6274831
257,0.009120209,0.004940159,0.02546277,0.2005884,0.1413164,0.6185721
258,0.01037499,0.005611691,0.02771411,0.1862037,0.1291503,0.6409451
259,0.01242525,0.00665613,0.03104035,0.169204,0.113633,0.6670412
260,0.01493442,0.007868388,0.03444584,0.1564776,0.09986839,0.6864054
261,0.01561882,0.008098789,0.03409853,0.1632756,0.1014023,0.6775059
262,0.01561644,0.007961188,0.0327494,0.1663772,0.1004852,0.6768106
263,0.01109667,0.005670699,0.02498554,0.2059743,0.1294632,0.6228098
264,0.009477914,0.004890109,0.02318262,0.2059158,0.1302423,0.6262913
265,0.008429457,0.004427964,0.02260969,0.2100661,0.1451514,0.6093153
266,0.008497082,0.004524744,0.0236354,0.2051979,0.1427507,0.6153943
267,0.008169543,0.004421373,0.02349174,0.2150153,0.1526397,0.5962623
268,0.008348071,0.004561846,0.02385083,0.2164808,0.1541196,0.5926389
269,0.008789164,0.004823369,0.02440113,0.214778,0.1539739,0.5932344
270,0.01089929,0.005918259,0.02784239,0.1887942,0.1315356,0.6350103
271,0.01396751,0.007440921,0.03224565,0.166491,0.1104298,0.6694251
272,0.01684596,0.008767141,0.03526248,0.1585023,0.09888012,0.681742
273,0.01630855,0.008323078,0.03238306,0.1759083,0.1085602,0.6585168
274,0.01459336,0.007338564,0.02862978,0.184153,0.1145883,0.650697
275,0.01266439,0.00633084,0.02570917,0.1892545,0.1201529,0.6458882
276,0.01068604,0.005367957,0.02342782,0.197927,0.1301606,0.6324306
277,0.01041955,0.005240235,0.0236892,0.1868611,0.137095,0.636695
278,0.008932242,0.004541156,0.02197681,0.2057934,0.159357,0.5993994
279,0.009390065,0.004777168,0.02311142,0.1976009,0.1533439,0.6117766
280,0.009408363,0.004789777,0.02321521,0.2028084,0.1625611,0.5972172
281,0.009702474,0.004908581,0.02329333,0.204633,0.1664347,0.591028
282,0.0111844,0.005569994,0.02507975,0.190502,0.1534182,0.6142457
283,0.01322067,0.006443639,0.02729381,0.1764245,0.1390324,0.637585
284,0.01528096,0.00726547,0.02900223,0.1674698,0.1272845,0.6536971
285,0.01763023,0.008156249,0.03073243,0.1582631,0.1142321,0.6709858
286,0.01796659,0.008118843,0.02979599,0.1631441,0.1152482,0.6657263
287,0.01447902,0.006466538,0.02469768,0.1871779,0.1381765,0.6290024
288,0.01222142,0.005433136,0.02219057,0.1950225,0.1492202,0.6159122
289,0.01123664,0.005046851,0.02228877,0.2044722,0.1279395,0.629016
290,0.01104273,0.005014603,0.02339264,0.2010193,0.1306032,0.6289275
291,0.01147258,0.005243307,0.02495398,0.1941568,0.1279721,0.6362013
292,0.01158774,0.005326916,0.02565615,0.1951074,0.1305353,0.6317865
293,0.0113511,0.005247076,0.02551069,0.2001645,0.1355936,0.622133
294,0.01158669,0.00537031,0.02601139,0.1978017,0.1340566,0.6251732
295,0.01361576,0.006263104,0.02916532,0.1770592,0.1160101,0.6578866
296,0.01507755,0.006879296,0.0309945,0.1718664,0.11005,0.6651322
297,0.01579201,0.007128825,0.03126073,0.172746,0.1077397,0.6653327
298,0.01417275,0.006372141,0.02823773,0.1894743,0.1183862,0.6433569
299,0.01173626,0.005308581,0.02473873,0.2072467,0.1316449,0.6193249
300,0.01048227,0.004797514,0.02360516,0.2126847,0.1373805,0.61105
301,0.009912264,0.004503252,0.02230988,0.2072452,0.1900591,0.5659703
302,0.01062383,0.004750869,0.02263055,0.2055938,0.1861843,0.5702165
303,0.01157684,0.005063033,0.02296182,0.2039382,0.1864205,0.5700395
304,0.0137655,0.005836904,0.02460579,0.1892994,0.1711009,0.5953916
305,0.01637753,0.006704585,0.02630194,0.1765117,0.156315,0.6177893
306,0.01952878,0.007702343,0.02816231,0.1638073,0.1393093,0.64149
307,0.02500316,0.009473909,0.03198534,0.1427756,0.1125696,0.6781925
308,0.02657288,0.009722447,0.03160916,0.1495997,0.1147814,0.6677143
309,0.02848143,0.01007369,0.03159506,0.1452118,0.106654,0.677984
310,0.02925681,0.01004231,0.03112588,0.1426409,0.1014702,0.6854639
311,0.02644638,0.008878674,0.02833574,0.1497491,0.1071079,0.6794822
312,0.02080831,0.006922063,0.02416063,0.1638008,0.1224854,0.6618228
313,0.01401299,0.004685751,0.01955308,0.1858921,0.1767675,0.5990885
314,0.01277805,0.00427175,0.01973355,0.1867055,0.187139,0.5893721
315,0.01337988,0.004444295,0.0211541,0.182096,0.1889779,0.5899478
316,0.01422968,0.004660937,0.02182669,0.1851218,0.1926268,0.5815341
317,0.01776205,0.005677445,0.02455255,0.1661865,0.1657552,0.6200663
318,0.02278417,0.007068411,0.02788482,0.1479285,0.1403827,0.6539514
319,0.02923843,0.008778177,0.03150613,0.1332479,0.1170343,0.6801951
320,0.03311962,0.009651647,0.03240002,0.135559,0.1112868,0.6779829
321,0.02628463,0.007532342,0.02575898,0.1657955,0.1403836,0.6342449
322,0.01973969,0.005627614,0.02105966,0.1822485,0.1632986,0.6080259
323,0.01802068,0.005119188,0.02047159,0.1808653,0.165579,0.6099442
324,0.01523519,0.004326461,0.01896652,0.1993878,0.197344,0.5647401
325,0.0158896,0.004607568,0.02104811,0.2087545,0.1376786,0.6120217
326,0.01733312,0.00509449,0.02356143,0.1961644,0.135786,0.6220605
327,0.01807863,0.005353024,0.02461191,0.1940353,0.1391969,0.6187243
328,0.01864368,0.005534957,0.02507938,0.1924204,0.1412189,0.6171027
329,0.0209385,0.006182702,0.02697969,0.1784232,0.1296085,0.6378675
330,0.0216154,0.006353722,0.02715974,0.1792984,0.1312858,0.634287
331,0.02471331,0.007171368,0.02929492,0.1638863,0.1156144,0.6593198
332,0.02710464,0.007763279,0.03066354,0.1581663,0.1085372,0.667765
333,0.03180883,0.008923904,0.03348865,0.1439352,0.09241411,0.6894293
334,0.03264505,0.009000794,0.03305772,0.1496149,0.09342447,0.6822571
335,0.02722042,0.007433605,0.02809189,0.1725073,0.1088443,0.6559024
336,0.02142119,0.005867643,0.02402556,0.1878621,0.1204758,0.6403477
337,0.01752901,0.004880488,0.02226171,0.1994146,0.1272142,0.6287
338,0.01500082,0.004286747,0.02176276,0.2097152,0.1396734,0.6095611
339,0.01369865,0.004025661,0.02208309,0.2179803,0.1525525,0.5896598
340,0.01386654,0.004164943,0.0233679,0.2177963,0.1564734,0.5843309
341,0.01494326,0.004554787,0.02503564,0.2130676,0.1535813,0.5888174
342,0.01628953,0.005007531,0.02636515,0.2088359,0.1492651,0.5942368
343,0.01897581,0.005828666,0.028735,0.1937806,0.1349377,0.6177422
344,0.02064072,0.006324769,0.02946199,0.1910808,0.1299784,0.6225133
345,0.02319084,0.007044502,0.03087602,0.1800134,0.1178703,0.641005
346,0.02770985,0.008282961,0.03391952,0.1624114,0.1002058,0.6674705
347,0.02749279,0.008121849,0.03226576,0.1725767,0.1050216,0.6545213
348,0.02212331,0.006518348,0.02660785,0.1966631,0.1234333,0.6246541
349,0.01953976,0.005763579,0.02438894,0.1918069,0.134884,0.6236169
350,0.01743587,0.005188957,0.02319016,0.1962339,0.1420087,0.6159424
351,0.01584833,0.00477566,0.02249889,0.2030274,0.1528665,0.6009833
352,0.01498567,0.004567923,0.02228441,0.2095604,0.164118,0.5844836
353,0.0153452,0.004702674,0.02290783,0.2091522,0.1676556,0.5802365
354,0.01779713,0.005428654,0.02523761,0.1929167,0.1540604,0.6045595
355,0.02066951,0.006242001,0.02739248,0.1809425,0.1428255,0.6219282
356,0.02398891,0.007137795,0.02937039,0.1701853,0.1300084,0.6393093
357,0.02193828,0.006475105,0.02629173,0.189767,0.1465569,0.6089709
358,0.01932301,0.005678459,0.02345342,0.2012561,0.1590927,0.5911964
359,0.0188903,0.005525001,0.02305646,0.1985756,0.1584763,0.5954764
360,0.0190104,0.005530394,0.02320534,0.1964797,0.1591802,0.5965939
361,0.01866451,0.005377179,0.0225732,0.1996374,0.1727598,0.5809879
362,0.0197133,0.005593992,0.02299201,0.1949433,0.1693155,0.5874419
363,0.02043692,0.005697075,0.02300639,0.1947339,0.1718916,0.5842342
364,0.02123801,0.005795338,0.02293723,0.1937536,0.1734552,0.5828206
365,0.02246738,0.005981218,0.02313972,0.1899896,0.171883,0.5865391
366,0.02414291,0.006254036,0.02359906,0.1842384,0.1675981,0.5941676
367,0.02687587,0.006760213,0.02468592,0.1741945,0.1569829,0.6105006
368,0.03162689,0.007711313,0.02685807,0.158697,0.1379507,0.637156
369,0.03549336,0.008401518,0.02820993,0.1522168,0.1281426,0.6475358
370,0.04026659,0.009259545,0.02980965,0.1434479,0.1142506,0.6629658
371,0.03794998,0.008548256,0.02766846,0.1559691,0.1227553,0.6471089
372,0.03694598,0.00817812,0.02669591,0.1549619,0.1172476,0.6559704
373,0.03510878,0.007683283,0.02580799,0.1553199,0.1177837,0.6582964
374,0.02460172,0.005430205,0.0207479,0.1915016,0.1555015,0.6022171
375,0.02056796,0.004587571,0.01979936,0.1991908,0.1741262,0.5817282
376,0.01898534,0.004263234,0.02019068,0.2053189,0.1991748,0.552067
377,0.02005342,0.004476028,0.02151364,0.2038307,0.2082987,0.5418275
378,0.02335881,0.005139369,0.02358169,0.1952473,0.1979486,0.5547242
379,0.02891961,0.006234722,0.02640724,0.1799335,0.1759681,0.5825368
380,0.03594263,0.007571649,0.02929013,0.1657773,0.1529259,0.6084924
381,0.04394587,0.009035193,0.03193909,0.1544098,0.1316247,0.6290454
382,0.04591884,0.009246661,0.03092601,0.1612962,0.1295942,0.6230181
383,0.03358724,0.006711532,0.0234409,0.1972636,0.1637216,0.5752752
384,0.02899306,0.005772227,0.02141664,0.1965137,0.1656569,0.5816475
385,0.02647616,0.005190694,0.02008158,0.193656,0.2013799,0.5532157
386,0.02731302,0.005245575,0.02022292,0.1916441,0.1994834,0.556091
387,0.02970703,0.005557477,0.02081612,0.1863107,0.1955941,0.5620146
388,0.03533227,0.006412114,0.02254342,0.1704451,0.1761155,0.5891516
389,0.04799281,0.008421606,0.02687308,0.1418362,0.1384894,0.6363869
390,0.06360384,0.01081105,0.03128904,0.1219714,0.109245,0.6630797
391,0.07938465,0.01309698,0.03441096,0.1155761,0.09303008,0.6645013
392,0.08762307,0.01406665,0.03446661,0.1210736,0.08993982,0.6528302
393,0.08468776,0.01327905,0.03148315,0.1314728,0.0925997,0.6464775
394,0.0745106,0.01147083,0.02759593,0.1382449,0.09456006,0.6536177
395,0.05806147,0.008870432,0.02326826,0.1488391,0.1026747,0.658286
396,0.03056363,0.004792068,0.01668667,0.1987349,0.1514453,0.5977774
397,0.02328659,0.003805729,0.01703823,0.2139231,0.1494881,0.5924583
398,0.02278484,0.003858261,0.01964831,0.2030683,0.1595988,0.5910416
399,0.0232824,0.004043061,0.0217393,0.1993273,0.1758529,0.575755
400,0.02384269,0.004193915,0.02268594,0.2042165,0.1943615,0.5506995
401,0.0260434,0.004592247,0.02369722,0.2055014,0.1955554,0.5446102
402,0.02957724,0.005194977,0.02482692,0.2023453,0.1869143,0.5511413
403,0.03621443,0.00629482,0.02723933,0.1858797,0.1646633,0.5797084
404,0.04768258,0.008154424,0.0314716,0.1608601,0.1335004,0.618331
405,0.05931703,0.009959451,0.0345775,0.1493234,0.1139447,0.632878
406,0.0624804,0.01031519,0.0333798,0.1583826,0.1139814,0.6214606
407,0.04935389,0.008083193,0.02641279,0.1864003,0.13657,0.5931798
408,0.03633885,0.005980063,0.02141372,0.2010417,0.1536399,0.5815858
409,0.03364271,0.005574146,0.02130794,0.1916424,0.1491668,0.598666
410,0.03151979,0.005280103,0.02150547,0.191591,0.155764,0.5943397
411,0.02997549,0.005070807,0.021514,0.1952448,0.1655339,0.582661
412,0.03057317,0.005198717,0.02214547,0.1928355,0.1673362,0.581911
413,0.03224946,0.005488447,0.02292163,0.1889559,0.1662883,0.5840963
414,0.03506962,0.005947753,0.02387169,0.1822419,0.1601605,0.5927084
415,0.04287728,0.007199596,0.02677707,0.1605292,0.1352475,0.6273693
416,0.04759672,0.007916118,0.02780732,0.1572037,0.1282532,0.631223
417,0.04723971,0.007802526,0.02656797,0.1639991,0.1308675,0.6235232
418,0.0501146,0.008210612,0.02694522,0.1555147,0.1185345,0.6406804
419,0.04689391,0.007665749,0.02536352,0.1631992,0.1236335,0.6332442
420,0.04060964,0.006663322,0.02301386,0.1748309,0.1340493,0.620833
421,0.04118319,0.00677658,0.02383484,0.1657227,0.1163027,0.64618
422,0.03316543,0.005549708,0.02146069,0.1909486,0.1425191,0.6063565
423,0.02872247,0.004890165,0.02053599,0.201769,0.1576255,0.5864568
424,0.02822405,0.004874099,0.02130177,0.2005562,0.161676,0.5833678
425,0.02880128,0.005026542,0.02214068,0.2004431,0.1649806,0.5786077
426,0.02928792,0.005145438,0.02237923,0.2042837,0.1699262,0.5689775
427,0.03195134,0.005615985,0.02338257,0.1972412,0.1625991,0.5792097
428,0.04254056,0.007399144,0.02804724,0.1630653,0.1274766,0.6314711
429,0.05393112,0.009255107,0.03196688,0.1463309,0.106787,0.6517289
430,0.05312013,0.009026085,0.02973936,0.1649758,0.1174619,0.6256767
431,0.0399358,0.006790081,0.02328927,0.1963096,0.1467126,0.5869625
432,0.03123957,0.005358759,0.0202522,0.2089088,0.1647966,0.5694441
433,0.02935609,0.004864485,0.01846722,0.1966716,0.2358613,0.5147793
434,0.03022391,0.004788191,0.01763425,0.2051229,0.2488769,0.4933538
435,0.03430952,0.005122836,0.01760519,0.2020898,0.2522269,0.4886457
436,0.03967981,0.00550877,0.01756356,0.195846,0.2546378,0.4867641
437,0.0475091,0.00609651,0.01796949,0.1837587,0.2438734,0.5007928
438,0.05938827,0.007084071,0.01921286,0.1651594,0.2158936,0.5332618
439,0.06771705,0.007532384,0.01940078,0.1583034,0.2045522,0.5424944
440,0.07559768,0.007971306,0.01964378,0.1496956,0.1888566,0.5582351
441,0.1038184,0.01049024,0.02369826,0.1144482,0.1312809,0.6162639
442,0.1280804,0.01257961,0.02619515,0.1075638,0.1084788,0.6171022
443,0.07060392,0.006916224,0.01624491,0.1819826,0.2008086,0.5234437
444,0.05104768,0.004976269,0.01451764,0.1868765,0.2340098,0.508572
