"<HEADER software/>"
EwEVersion,"6.7.0.17868 (compiled 5/31/2022)"
Date,"7/27/2023 4:35:40 PM"
"<HEADER ecopath/>"
ModelName,1
"<HEADER ecosim/>"
EcosimScenario,spa_01_adjTry3
TimeSeries,TS_updated_IB13
StartYear,1980
"<HEADER end/>"

Data,"Prey of Cephalopod"

timestep\group,"Reef invertebrate feeders","Demersal coastal invertebrate feeders","Coastal omnivores","Reef omnivores",Sardine-herring-scad,Anchovy-silverside-killifish,Cephalopod,"Mobile epifauna",Zooplankton,Infauna,Detritus,
1,0.0004511289,0.0003201621,3.165483E-05,0.0001130493,0.001808313,0.02654656,0.009123978,0.1698347,0.6793121,0.02021399,0.09224445
2,0.0003839805,0.000274858,2.702461E-05,9.774278E-05,0.001589944,0.02326738,0.008388737,0.1534028,0.7110017,0.01746928,0.08409663
3,0.0002846712,0.0002053354,2.007265E-05,7.438315E-05,0.001257182,0.01813639,0.007214529,0.1275937,0.7629445,0.01351021,0.06875907
4,0.0002361319,0.000171646,1.663325E-05,6.347823E-05,0.001162684,0.0159798,0.007696888,0.1202388,0.7894896,0.01065149,0.05429294
5,0.0002187832,0.0001604367,1.53742E-05,6.041814E-05,0.001226488,0.01566672,0.009551196,0.1254206,0.7947208,0.008915359,0.04404382
6,0.0002406893,0.0001783363,1.688213E-05,6.760805E-05,0.001491819,0.01773833,0.0131195,0.145465,0.7733382,0.008523453,0.03982017
7,0.0003016996,0.0002259926,2.116338E-05,8.534647E-05,0.001968848,0.02223288,0.01841555,0.1798742,0.7270046,0.009275592,0.04059415
8,0.0003923905,0.0002972054,2.762253E-05,0.0001110876,0.002560443,0.0282844,0.02396024,0.2203501,0.6667556,0.01090958,0.04635141
9,0.000530387,0.000406184,3.759113E-05,0.0001492217,0.003300009,0.03665612,0.02928598,0.2673378,0.5923495,0.01355173,0.05639546
10,0.0007233511,0.0005596431,5.174173E-05,0.0002013851,0.004181451,0.04747847,0.03413199,0.3209127,0.5024297,0.01752768,0.0718019
11,0.0009245308,0.0007220796,6.690196E-05,0.0002545011,0.004891954,0.05754042,0.0359505,0.3629032,0.4171786,0.0226939,0.09687342
12,0.001259644,0.0009922611,9.229996E-05,0.0003405793,0.006026597,0.07366045,0.03931072,0.422059,0.3073118,0.02951087,0.1194357
13,0.001538558,0.001209539,0.000114208,0.0004092465,0.006327202,0.08373953,0.03650463,0.4337278,0.2257019,0.04083236,0.1698951
14,0.001538102,0.001206247,0.0001157485,0.0004035742,0.00579753,0.08003119,0.02941947,0.4030839,0.1914722,0.049458,0.2374739
15,0.001499221,0.001171472,0.0001140613,0.0003879794,0.005228593,0.07514716,0.02345256,0.3738075,0.1728127,0.05849108,0.2878877
16,0.001297765,0.001009122,9.951399E-05,0.0003327621,0.004238482,0.06369853,0.01691875,0.3262455,0.1955724,0.06592564,0.3246617
17,0.0009883757,0.000763387,7.600478E-05,0.0002524726,0.00306679,0.04836596,0.01105155,0.2633838,0.2824936,0.06637635,0.3231817
18,0.0007342871,0.0005627172,5.631232E-05,0.0001871391,0.002205545,0.03623601,0.007417153,0.2075488,0.4209619,0.05790966,0.2661805
19,0.0005843871,0.0004440671,4.452362E-05,0.0001486342,0.001736821,0.02936518,0.005713314,0.1735878,0.5340936,0.04823013,0.2060515
20,0.0005533619,0.0004171041,4.183986E-05,0.0001399759,0.001647809,0.02829242,0.005474932,0.166847,0.584499,0.043072,0.1690146
21,0.0005921827,0.0004429768,4.448261E-05,0.0001484148,0.001770653,0.03063996,0.005997696,0.1758987,0.5937426,0.0414338,0.1492886
22,0.0006143611,0.0004562502,4.596265E-05,0.0001525582,0.001838926,0.032133,0.006312481,0.1802861,0.5913655,0.04020509,0.1465898
23,0.0006700882,0.0004944358,5.004732E-05,0.0001644163,0.001986979,0.03511875,0.006777706,0.18989,0.5703096,0.04120793,0.1533302
24,0.0006494896,0.000476084,4.849877E-05,0.0001579065,0.001905834,0.03425771,0.006428461,0.1827915,0.5664285,0.04069003,0.166166
25,0.0006443058,0.0004640471,4.794144E-05,0.0001545156,0.001694199,0.03259519,0.00552551,0.1644654,0.5184747,0.05163993,0.2242943
26,0.0006002447,0.0004245612,4.441311E-05,0.0001420598,0.0015561,0.03027548,0.004947094,0.1548055,0.5215806,0.05276606,0.2328579
27,0.0005529638,0.0003839216,4.059487E-05,0.0001292142,0.001421539,0.02794734,0.004465932,0.1459161,0.5392011,0.05230472,0.2276366
28,0.0005462022,0.0003722539,3.972125E-05,0.0001258993,0.001398119,0.02767451,0.004386703,0.1457408,0.5494009,0.052405,0.2179098
29,0.0005247893,0.0003511891,3.777988E-05,0.0001194713,0.001342876,0.02675722,0.004244662,0.1429055,0.5651706,0.05101832,0.2075276
30,0.0005370619,0.000353176,3.827214E-05,0.0001206609,0.001374567,0.02749684,0.00438082,0.146682,0.5669214,0.05084918,0.2012461
31,0.0005910356,0.0003823028,4.17173E-05,0.0001308515,0.001509229,0.03024463,0.004819271,0.1583343,0.5539993,0.05278378,0.1971636
32,0.0006673394,0.0004250434,4.672417E-05,0.0001454621,0.001692086,0.03397946,0.005347573,0.1728034,0.5300169,0.05611622,0.1987599
33,0.0007830263,0.0004916441,5.450398E-05,0.0001677782,0.001956565,0.03940944,0.006001672,0.1915575,0.4915759,0.0616376,0.2063643
34,0.0009011513,0.0005582387,6.250323E-05,0.0001896886,0.002206941,0.04468776,0.006469344,0.2070505,0.4469332,0.06809385,0.2228468
35,0.0008552274,0.0005232861,5.923496E-05,0.0001773475,0.002049896,0.04202253,0.005691417,0.1916088,0.4213988,0.06974582,0.2658677
36,0.0007437484,0.0004493135,5.136205E-05,0.0001521772,0.001752092,0.03644279,0.004648599,0.1680731,0.4240483,0.06902568,0.2946129
37,0.0005625435,0.000338487,3.873524E-05,0.0001147801,0.001419259,0.0290837,0.003780478,0.1452763,0.5449551,0.05014705,0.2242836
38,0.0004373623,0.00026184,2.993978E-05,8.935984E-05,0.001132686,0.02356722,0.003208763,0.1227287,0.6315407,0.03973505,0.1772684
39,0.0003402983,0.0002025658,2.311438E-05,7.00931E-05,0.0009334866,0.0194562,0.003002144,0.1066022,0.7081159,0.02957256,0.1316814
40,0.0002709053,0.0001603457,1.823934E-05,5.66249E-05,0.0008186804,0.01671278,0.003187574,0.09708671,0.7659114,0.02110269,0.09467403
41,0.000224713,0.000132394,1.499048E-05,4.791306E-05,0.0007819081,0.01513437,0.003879579,0.09416737,0.80343,0.01491453,0.06727219
42,0.0002192143,0.0001288722,1.449287E-05,4.74839E-05,0.0008949958,0.01590334,0.005662167,0.1044892,0.8092589,0.01177681,0.05160452
43,0.0002537319,0.0001492176,1.665762E-05,5.527399E-05,0.00117064,0.01910013,0.008775544,0.1274717,0.7877663,0.01094087,0.04429984
44,0.0003439021,0.0002025469,2.248266E-05,7.45711E-05,0.00169466,0.02590022,0.01387272,0.1685001,0.733655,0.01204599,0.04368772
45,0.0004953988,0.0002924414,3.240208E-05,0.0001061296,0.002445549,0.03619777,0.02012187,0.2215838,0.6558824,0.01464975,0.04819236
46,0.0006559076,0.0003882918,4.313849E-05,0.000138636,0.00310625,0.04587968,0.02423465,0.2628897,0.5815482,0.01802315,0.06309247
47,0.0006931866,0.0004119122,4.602098E-05,0.0001454232,0.003093079,0.0466967,0.02213739,0.260098,0.5480663,0.0213336,0.09727858
48,0.0007354183,0.0004382218,4.915914E-05,0.0001532236,0.003100129,0.04792005,0.02031779,0.2636223,0.5105913,0.02578298,0.1272894
49,0.000839961,0.000496039,5.629842E-05,0.0001734455,0.002969231,0.05085662,0.01774994,0.256766,0.4570338,0.03757379,0.1754849
50,0.0008251119,0.0004830022,5.533044E-05,0.0001691168,0.002786118,0.04852613,0.01520262,0.2483342,0.4481998,0.04288275,0.1925358
51,0.0007790452,0.0004520938,5.215441E-05,0.0001586789,0.002528756,0.04481646,0.01267029,0.2336781,0.4567315,0.04619312,0.2019398
52,0.000712416,0.0004098542,4.751173E-05,0.0001444207,0.002242744,0.04040055,0.01044591,0.2153141,0.4844187,0.04697162,0.1988922
53,0.000659742,0.0003762501,4.37561E-05,0.0001331862,0.002033008,0.03708981,0.008946307,0.2007202,0.516137,0.04616494,0.1876958
54,0.0006553157,0.0003704583,4.3192E-05,0.0001315914,0.001988708,0.03655518,0.0083793,0.1972634,0.5327169,0.0458471,0.1760489
55,0.0007191138,0.000402962,4.713132E-05,0.0001432312,0.002147944,0.03962392,0.008683941,0.207733,0.5248769,0.04765984,0.167962
56,0.0008543566,0.0004745244,5.578815E-05,0.0001682728,0.002497798,0.0462,0.009609827,0.2298799,0.4933339,0.05206929,0.1648563
57,0.0009810318,0.0005402407,6.399989E-05,0.0001909661,0.002792731,0.05198348,0.01010796,0.2456492,0.4531187,0.05714856,0.1774231
58,0.001006411,0.0005499079,6.577386E-05,0.0001938547,0.002778777,0.05238378,0.009344338,0.2385741,0.4215284,0.06073193,0.2128428
59,0.0009745311,0.0005283227,6.380828E-05,0.0001858457,0.002615246,0.05003231,0.008176664,0.2235155,0.4000474,0.06391983,0.2499405
60,0.0008817174,0.0004742684,5.777731E-05,0.0001667452,0.002312127,0.04497314,0.006779458,0.2014656,0.4084327,0.06517918,0.2692772
61,0.0007811915,0.0004185239,5.119239E-05,0.000146866,0.002073122,0.04040898,0.005812474,0.185658,0.4539079,0.06000868,0.2507331
62,0.000636272,0.000339489,4.163206E-05,0.0001193913,0.001682643,0.03341821,0.004626486,0.1581728,0.5182272,0.05392438,0.2288115
63,0.0005304445,0.0002816858,3.459072E-05,9.954695E-05,0.001416366,0.02850797,0.003949896,0.1387271,0.5813895,0.0468112,0.1982516
64,0.00047735,0.0002521591,3.098174E-05,8.966753E-05,0.001303724,0.02638076,0.003809709,0.1307662,0.6265153,0.04104124,0.169333
65,0.0004753227,0.0002497329,3.069392E-05,8.926595E-05,0.001336054,0.02696948,0.004149719,0.1339892,0.6456314,0.03774456,0.1493346
66,0.0005308405,0.0002774489,3.413135E-05,9.933493E-05,0.00152707,0.03062452,0.004978153,0.1490313,0.6353576,0.03764866,0.1398909
67,0.0006433625,0.0003346108,4.125941E-05,0.000119513,0.001867885,0.03726056,0.006205147,0.1740997,0.5987808,0.04059116,0.140056
68,0.000791222,0.0004096679,5.073351E-05,0.0001455334,0.002282259,0.04552522,0.007472906,0.2023562,0.5435471,0.04575963,0.1516596
69,0.0009256387,0.0004773609,5.949432E-05,0.0001683902,0.002619105,0.05260189,0.008211736,0.2227091,0.4821067,0.05186843,0.1782521
70,0.000943419,0.0004849928,6.08835E-05,0.000170005,0.002606028,0.05309071,0.007706376,0.2194006,0.4346422,0.05667074,0.224224
71,0.0008438344,0.0004326244,5.462424E-05,0.0001510509,0.002282483,0.0474091,0.006379087,0.1979693,0.4213668,0.0591926,0.2639184
72,0.0008233917,0.0004206034,5.331426E-05,0.0001461683,0.00219016,0.04619654,0.005844888,0.192971,0.4149292,0.06261528,0.2738095
73,0.0007404573,0.0003756596,4.787913E-05,0.0001307907,0.001959026,0.04194472,0.005074121,0.1792307,0.4461488,0.06164533,0.2627025
74,0.0006714136,0.0003381862,4.328791E-05,0.0001180735,0.001769103,0.03845998,0.004507765,0.1669258,0.4788841,0.05926119,0.2490211
75,0.000620292,0.0003100696,3.982268E-05,0.0001086696,0.001637546,0.03603954,0.004173843,0.1582,0.5125473,0.05596915,0.2303537
76,0.0005890048,0.0002920997,3.762616E-05,0.0001028183,0.001565703,0.03476609,0.004048311,0.1533536,0.5409359,0.05258599,0.2117229
77,0.0005476708,0.0002694872,3.480972E-05,9.539922E-05,0.001473216,0.03294932,0.00391236,0.1464462,0.5714937,0.04818965,0.1945881
78,0.000556014,0.0002713302,3.515647E-05,9.646063E-05,0.001515154,0.03396307,0.004149039,0.1494764,0.5816584,0.04609573,0.1821832
79,0.0006302262,0.0003047913,3.966165E-05,0.0001084824,0.001729626,0.03872145,0.00482385,0.1646454,0.5685186,0.04729714,0.1731808
80,0.0007546823,0.0003615128,4.73354E-05,0.0001284899,0.002068403,0.04624186,0.005766117,0.1873648,0.5345164,0.05112936,0.1716211
81,0.0007576059,0.0003600488,4.750439E-05,0.0001279032,0.002059458,0.04637871,0.005626486,0.1836804,0.5149963,0.05188201,0.1940836
82,0.0007047931,0.0003324344,4.418253E-05,0.0001180922,0.001898749,0.04320483,0.005066356,0.17019,0.5094929,0.05145675,0.2174909
83,0.0006186442,0.0002897058,3.872324E-05,0.0001031262,0.001663255,0.03826924,0.004404887,0.1531226,0.5348436,0.04912676,0.2175194
84,0.0005817803,0.000270282,3.628751E-05,9.642714E-05,0.001571776,0.03638677,0.004209747,0.1468773,0.5582854,0.04722498,0.2044592
85,0.0005484917,0.0002533578,3.406405E-05,9.044819E-05,0.001510761,0.03493723,0.004168629,0.1432143,0.5879028,0.04363013,0.1837098
86,0.0004863341,0.0002235324,3.007841E-05,8.004581E-05,0.001365521,0.03166151,0.003937585,0.1328435,0.6236506,0.03889115,0.1668301
87,0.0004482916,0.0002050119,2.759499E-05,7.37015E-05,0.001293998,0.02990053,0.003967701,0.1278559,0.6515611,0.03469421,0.1499719
88,0.0004545615,0.0002067612,2.783467E-05,7.452422E-05,0.001354871,0.03096616,0.004451673,0.1329851,0.661733,0.03240584,0.1353396
89,0.0004853331,0.0002195857,2.957531E-05,7.921035E-05,0.001489931,0.03357333,0.005202759,0.1433747,0.6582634,0.03146164,0.1258205
90,0.0005485928,0.0002468913,3.330619E-05,8.885163E-05,0.001714351,0.03811913,0.006206421,0.159286,0.6380909,0.03220207,0.1234634
91,0.0006791378,0.0003037765,4.113982E-05,0.0001085844,0.002119882,0.04666757,0.007678469,0.1854922,0.5967433,0.03541349,0.1247525
92,0.0008568368,0.0003806851,5.188313E-05,0.0001348153,0.00263517,0.05771397,0.009300159,0.2165594,0.5385534,0.04070206,0.1331117
93,0.001095354,0.0004829988,6.647182E-05,0.0001690513,0.003268759,0.0716584,0.01089443,0.249884,0.4679708,0.04794337,0.1465664
94,0.001305581,0.0005712917,7.960562E-05,0.0001974738,0.003754361,0.08284821,0.01159691,0.2705418,0.3929209,0.0561879,0.1799959
95,0.001346498,0.0005850761,8.263771E-05,0.000199754,0.003724744,0.08321887,0.01054503,0.2608933,0.3291383,0.06346413,0.2468016
96,0.001121836,0.0004849482,6.924594E-05,0.0001638258,0.003001694,0.06835863,0.00781709,0.2177393,0.3112197,0.06796917,0.3220546
97,0.0007187235,0.0003131466,4.460718E-05,0.0001048317,0.002073092,0.04647855,0.005171658,0.1694929,0.4752122,0.04970395,0.2506864
98,0.0004577166,0.0002009607,2.841131E-05,6.723915E-05,0.001353057,0.03107325,0.003526813,0.1228677,0.6316785,0.03557241,0.1731739
99,0.0003162643,0.000139937,1.956656E-05,4.731956E-05,0.00101459,0.02321854,0.00309748,0.1000702,0.7364305,0.02383431,0.1118113
100,0.0002987685,0.0001330461,1.838269E-05,4.526106E-05,0.001074428,0.0235723,0.004041024,0.1058897,0.7649025,0.01856907,0.08145557
101,0.0003590768,0.0001605649,2.194233E-05,5.444129E-05,0.001437438,0.02964988,0.006477878,0.1333442,0.7457848,0.01733608,0.06537369
102,0.000485894,0.0002179954,2.958815E-05,7.307057E-05,0.002057205,0.04053386,0.01018075,0.1759121,0.6918767,0.01869968,0.05993316
103,0.0006803085,0.0003058305,4.14573E-05,0.0001006041,0.00287237,0.05550946,0.01430991,0.2247729,0.6177711,0.02183457,0.06180143
104,0.0009437703,0.0004243524,5.777428E-05,0.0001364127,0.003824254,0.0739167,0.01812305,0.2738702,0.5312039,0.02643024,0.07106932
105,0.0012493,0.0005610103,7.708799E-05,0.0001760121,0.004768279,0.09331108,0.02082289,0.3158225,0.4379045,0.03252602,0.09278147
106,0.001456366,0.0006529719,9.083025E-05,0.0002001152,0.005204089,0.1040528,0.02057306,0.3291169,0.3526645,0.03986,0.1461284
107,0.001316758,0.0005903468,8.305826E-05,0.0001773673,0.004426085,0.09127388,0.01575614,0.286901,0.3185378,0.04684062,0.234097
108,0.0009059079,0.0004071514,5.755594E-05,0.0001209637,0.00291238,0.06253223,0.00947499,0.2134602,0.3866372,0.04947461,0.2740168
109,0.0007357292,0.0003281587,4.657488E-05,9.699103E-05,0.002045959,0.04794603,0.006232264,0.1633825,0.4009228,0.0626884,0.3155746
110,0.0005641551,0.0002497275,3.540198E-05,7.375984E-05,0.00154875,0.03676149,0.004568704,0.1368033,0.4988771,0.05802556,0.2624921
111,0.0004575102,0.0002006968,2.837403E-05,5.941924E-05,0.001260226,0.0300574,0.003758541,0.119665,0.5852322,0.04991983,0.2093608
112,0.0004111518,0.0001785028,2.517226E-05,5.309178E-05,0.00115367,0.02737492,0.003615726,0.1138392,0.6409456,0.04301922,0.1693838
113,0.0003835428,0.0001648204,2.319488E-05,4.93351E-05,0.001109463,0.02599659,0.003746969,0.1118371,0.6789469,0.03688726,0.140855
114,0.0003710895,0.0001579655,2.219639E-05,4.760729E-05,0.001114044,0.02561919,0.004090869,0.1130356,0.7006886,0.03215442,0.1226984
115,0.0004252939,0.0001792173,2.517883E-05,5.417785E-05,0.001315012,0.02950143,0.005151833,0.1285066,0.6904275,0.03149083,0.112923
116,0.0004959849,0.000207108,2.91153E-05,6.267072E-05,0.001565708,0.03433242,0.006407372,0.1471211,0.6669421,0.03224244,0.110594
117,0.00058676,0.0002430426,3.423571E-05,7.337997E-05,0.001855079,0.04005195,0.007623468,0.1664906,0.63083,0.0344981,0.1177133
118,0.0007055907,0.0002900347,4.099388E-05,8.713937E-05,0.002201349,0.04709349,0.008821293,0.188224,0.5817152,0.03855259,0.1322684
119,0.0008635322,0.0003522467,5.002691E-05,0.0001050779,0.002628134,0.05600367,0.01002926,0.2137252,0.5181171,0.0448346,0.1532911
120,0.0009574077,0.0003880846,5.539835E-05,0.0001148517,0.002825061,0.06039795,0.0100961,0.2240694,0.4582013,0.05128597,0.1916084
121,0.0009521084,0.000383705,5.498811E-05,0.0001126855,0.002636644,0.05785106,0.00872517,0.2103599,0.4012524,0.06081147,0.2568599
122,0.0008674529,0.0003479909,4.990814E-05,0.0001014191,0.002335791,0.05170535,0.007196895,0.1925184,0.3914986,0.06501977,0.2883585
123,0.0007814384,0.0003121469,4.467554E-05,9.033628E-05,0.002059563,0.04597542,0.005988607,0.1767412,0.4119934,0.06676621,0.289247
124,0.0006906281,0.0002747591,3.915867E-05,7.90609E-05,0.001795324,0.04037191,0.005017428,0.1608751,0.4556397,0.06496853,0.2702484
125,0.0006020524,0.0002385755,3.381963E-05,6.83805E-05,0.001556928,0.0352009,0.004276671,0.1453209,0.5108281,0.05998674,0.241887
126,0.00057383,0.0002261938,3.191283E-05,6.463781E-05,0.00148622,0.03359503,0.004092087,0.140701,0.5473623,0.05617914,0.2156876
127,0.0006049621,0.0002368927,3.331336E-05,6.747588E-05,0.001571972,0.03535866,0.004365823,0.1467413,0.5598821,0.05510155,0.196036
128,0.0006777875,0.0002634705,3.700232E-05,7.473291E-05,0.001761103,0.0393576,0.004896597,0.1590567,0.5512497,0.05635375,0.1862716
129,0.0007753886,0.0002991668,4.204826E-05,8.438983E-05,0.002000683,0.0444892,0.005471564,0.1731086,0.5257621,0.05941675,0.1885501
130,0.000887348,0.000339812,4.789195E-05,9.519036E-05,0.002257822,0.05007831,0.005961332,0.1864003,0.4880342,0.06402419,0.2018736
131,0.0009393052,0.0003574135,5.055383E-05,9.933799E-05,0.002348294,0.05216521,0.005914196,0.1881091,0.4505587,0.06789767,0.2315602
132,0.0008616913,0.0003265542,4.629695E-05,9.003291E-05,0.002118307,0.04738286,0.005081065,0.1711329,0.4318213,0.06870829,0.2724307
133,0.0007242212,0.000274339,3.88635E-05,7.517193E-05,0.001836623,0.04070015,0.004300627,0.1547449,0.4813196,0.05940858,0.2565769
134,0.000594718,0.0002253697,3.182742E-05,6.154676E-05,0.001517726,0.03400271,0.00358405,0.1348317,0.5419359,0.05287949,0.230335
135,0.0004938319,0.0001872679,2.632736E-05,5.114723E-05,0.001288239,0.02901639,0.003194341,0.120296,0.6080045,0.04490212,0.1925399
136,0.000419724,0.000159317,2.228419E-05,4.367345E-05,0.001139634,0.02558975,0.003092411,0.1108026,0.6661151,0.03684215,0.1557735
137,0.0003873874,0.0001471379,2.047915E-05,4.054697E-05,0.001112218,0.02459082,0.003400694,0.1099053,0.7019557,0.03080244,0.1276374
138,0.000416332,0.0001580362,2.190334E-05,4.365476E-05,0.001264686,0.02722459,0.004330116,0.122045,0.7056307,0.02830688,0.110558
139,0.0005064105,0.0001918537,2.652159E-05,5.286782E-05,0.001598444,0.03345745,0.00588704,0.1458276,0.6817638,0.02887271,0.1018153
140,0.0006575999,0.0002484448,3.432854E-05,6.800758E-05,0.002107506,0.04314591,0.007982083,0.179641,0.6306843,0.032118,0.1033127
141,0.0008624229,0.000324684,4.498098E-05,8.795805E-05,0.002729917,0.05527728,0.01009999,0.215833,0.5649891,0.03728142,0.1124692
142,0.00100553,0.0003775593,5.256192E-05,0.0001011184,0.003097507,0.06274486,0.01084728,0.2326522,0.5039377,0.04246212,0.1427216
143,0.0009850801,0.000369692,5.170206E-05,9.792452E-05,0.002941542,0.06018264,0.009611084,0.219706,0.4634919,0.04660727,0.1959551
144,0.0009045405,0.0003396214,4.759083E-05,8.90493E-05,0.002632603,0.0545102,0.008076706,0.2012083,0.4531289,0.04994452,0.229118
145,0.0008075199,0.0003043349,4.254318E-05,7.89416E-05,0.002398709,0.04920784,0.007058729,0.1893511,0.4908336,0.04691617,0.2130004
146,0.0006593111,0.0002498081,3.47491E-05,6.435772E-05,0.00195485,0.04063424,0.005664473,0.1629516,0.5518495,0.04277495,0.1931621
147,0.000566269,0.0002156087,2.981519E-05,5.529787E-05,0.001700082,0.03552407,0.005007299,0.1472006,0.6029841,0.03800607,0.1687107
148,0.0005194391,0.0001986514,2.729895E-05,5.079943E-05,0.001599677,0.03330641,0.004924499,0.1413269,0.6383122,0.03395894,0.1457751
149,0.0005087735,0.0001953081,2.66844E-05,4.980357E-05,0.001617108,0.03330781,0.005267631,0.1430519,0.6556068,0.03113719,0.129231
150,0.0005167681,0.0001990673,2.706406E-05,5.058758E-05,0.001693757,0.03440076,0.005821523,0.1483306,0.6600595,0.0293218,0.1195786
151,0.0005090575,0.0001969086,2.665597E-05,4.987733E-05,0.00171569,0.03439338,0.006172781,0.1494608,0.665098,0.02750208,0.1148748
152,0.0005714982,0.000221568,2.990766E-05,5.572458E-05,0.001957345,0.03865149,0.007232513,0.1645852,0.6445558,0.02815093,0.113988
153,0.0006569158,0.0002550655,3.437553E-05,6.357625E-05,0.00226468,0.04416211,0.00845151,0.1833311,0.6148037,0.02997497,0.1160021
154,0.0007171349,0.0002789335,3.758746E-05,6.883538E-05,0.002457061,0.04768791,0.009042408,0.1936774,0.5872488,0.03193774,0.1268461
155,0.0006599413,0.0002576957,3.47183E-05,6.309505E-05,0.002238577,0.04367455,0.008031116,0.1788134,0.591029,0.03188136,0.1433166
156,0.0005551169,0.000217869,2.928915E-05,5.310765E-05,0.001885166,0.03696861,0.006709569,0.1565293,0.6234068,0.0299032,0.1437419
157,0.0006047487,0.0002354837,3.185392E-05,5.74286E-05,0.001776742,0.03778869,0.0061738,0.1486374,0.5722438,0.04242218,0.190028
158,0.0006038283,0.0002333783,3.170692E-05,5.69418E-05,0.001764792,0.03729472,0.006015494,0.149186,0.5738871,0.04471203,0.1862141
159,0.0006018435,0.000230939,3.148626E-05,5.634019E-05,0.001750851,0.03677638,0.005857418,0.1489526,0.5749161,0.04608808,0.184738
160,0.0005989319,0.0002282394,3.12083E-05,5.565586E-05,0.00173603,0.03625215,0.005709808,0.1482987,0.5766189,0.04683643,0.1836341
161,0.0006143263,0.0002324441,3.187021E-05,5.662903E-05,0.001774857,0.03681664,0.005744511,0.1508797,0.5737445,0.04791356,0.1821909
162,0.0006389826,0.000240063,3.300573E-05,5.840318E-05,0.001839078,0.0378973,0.005849462,0.1547702,0.5676935,0.04923902,0.1817411
163,0.0006583247,0.0002456749,3.387291E-05,5.965782E-05,0.001885156,0.03863583,0.005871946,0.1570389,0.5606797,0.05041526,0.1844757
164,0.0007030698,0.0002604981,3.603852E-05,6.309181E-05,0.00199836,0.040729,0.006062718,0.163089,0.5453733,0.0527216,0.1889633
165,0.0007420825,0.0002730591,3.791568E-05,6.592279E-05,0.002089806,0.0424188,0.006145169,0.1673561,0.5300337,0.05515622,0.1956812
166,0.0007964997,0.0002909726,4.057928E-05,6.99693E-05,0.002216395,0.04483728,0.006273098,0.1731842,0.5083216,0.05854676,0.2054227
167,0.0008135568,0.0002953023,4.136091E-05,7.069633E-05,0.00223467,0.0451722,0.006063458,0.1723093,0.4921493,0.06114497,0.2197053
168,0.0008568785,0.0003088413,4.346415E-05,7.356186E-05,0.002320419,0.04685839,0.006013468,0.1752979,0.4701886,0.06499922,0.2330393
169,0.0007413114,0.0002689557,3.762175E-05,6.321815E-05,0.002168097,0.04205607,0.005498881,0.1676437,0.533198,0.05050183,0.1978223
170,0.0006188416,0.0002261396,3.142418E-05,5.263659E-05,0.001819621,0.0356157,0.004623333,0.1458809,0.5806018,0.04445998,0.1860696
171,0.0005146592,0.0001894903,2.614013E-05,4.384693E-05,0.00154657,0.03036755,0.004085857,0.1288687,0.6362299,0.03772446,0.1604027
172,0.0004343548,0.0001611727,2.206515E-05,3.722043E-05,0.001360357,0.02654905,0.003892588,0.1172872,0.6871333,0.03109715,0.1320256
173,0.0004361506,0.0001627848,2.213475E-05,3.747346E-05,0.001436179,0.02746649,0.004525426,0.1228748,0.7019876,0.02794035,0.1131106
174,0.0004639163,0.0001740644,2.35268E-05,3.989978E-05,0.001604486,0.02990573,0.005527978,0.134232,0.7005471,0.02630941,0.1011719
175,0.0005446678,0.0002051679,2.761255E-05,4.663429E-05,0.001939709,0.03529735,0.007033108,0.1547959,0.675082,0.02705558,0.09797223
176,0.000678632,0.0002562933,3.442374E-05,5.755168E-05,0.002432921,0.04350208,0.008917383,0.1827419,0.6305691,0.02984485,0.1009648
177,0.0008496047,0.0003213871,4.319008E-05,7.110765E-05,0.00300377,0.05324404,0.01072722,0.2120676,0.5735751,0.03423382,0.111863
178,0.0009893677,0.0003748658,5.051373E-05,8.162938E-05,0.003401345,0.06034493,0.0115074,0.2291445,0.5180327,0.03916746,0.1369053
179,0.001019398,0.0003872575,5.235111E-05,8.301836E-05,0.003391677,0.06071115,0.01071852,0.2251416,0.4767228,0.04377865,0.1779937
180,0.000996958,0.0003798528,5.145386E-05,8.020204E-05,0.003217535,0.05825461,0.009500212,0.2150289,0.451538,0.04831966,0.2126327
181,0.0008084427,0.000311925,4.198157E-05,6.470043E-05,0.002730088,0.04843064,0.00769816,0.1919549,0.5118249,0.04180733,0.1943269
182,0.0006228147,0.0002435574,3.249239E-05,4.990712E-05,0.002102809,0.03796725,0.005865848,0.1580872,0.5854262,0.03664932,0.1729525
183,0.0005167834,0.0002047157,2.703327E-05,4.159286E-05,0.00178482,0.03238293,0.005161836,0.1406389,0.6437258,0.03137501,0.1441406
184,0.000403131,0.0001619398,2.114563E-05,3.286365E-05,0.001465886,0.02643764,0.004626364,0.1220209,0.7077044,0.02463954,0.1124861
185,0.0003125354,0.0001274012,1.644452E-05,2.600598E-05,0.00123956,0.02179144,0.00451262,0.1080672,0.760909,0.01831845,0.08467937
186,0.0002745381,0.0001135375,1.448053E-05,2.334617E-05,0.001227621,0.02041543,0.005382268,0.1080351,0.7851494,0.01425612,0.06510825
187,0.0002784376,0.0001167628,1.471109E-05,2.407526E-05,0.001406651,0.02173289,0.007350452,0.1203159,0.782819,0.01229755,0.0536436
188,0.000333069,0.0001414069,1.76224E-05,2.894977E-05,0.0018213,0.02635431,0.01061608,0.1459949,0.7533022,0.01226975,0.04912027
189,0.0004395497,0.0001886656,2.331088E-05,3.809631E-05,0.002495467,0.03439653,0.0153039,0.1860257,0.6956328,0.01388953,0.05156647
190,0.0005475192,0.0002375632,2.919814E-05,4.713986E-05,0.003073944,0.04158501,0.01857221,0.2165686,0.6426569,0.01599834,0.06068361
191,0.0006744653,0.0002955547,3.622832E-05,5.747021E-05,0.003638027,0.04918828,0.02082491,0.2444934,0.5852054,0.01908944,0.07649679
192,0.0007596489,0.0003362239,4.11592E-05,6.413003E-05,0.003894286,0.0532949,0.02072286,0.257101,0.5417343,0.02267319,0.09937834
193,0.0009093425,0.0004018439,4.955086E-05,7.598897E-05,0.003812151,0.05845363,0.01851483,0.2516442,0.4723259,0.03482039,0.1589922
194,0.000958115,0.0004227446,5.240848E-05,7.92406E-05,0.003815864,0.05918313,0.01686381,0.253796,0.43327,0.04194442,0.1896143
195,0.0009546302,0.0004206685,5.232677E-05,7.81953E-05,0.003627896,0.05703389,0.01462231,0.2466411,0.4167463,0.04810246,0.2117201
196,0.0008881259,0.0003910271,4.870476E-05,7.217415E-05,0.003240518,0.05173112,0.01198728,0.2285779,0.4267795,0.05183451,0.2244491
197,0.0007910992,0.0003480466,4.332671E-05,6.390078E-05,0.002794538,0.04528743,0.009609935,0.2058669,0.4602215,0.05251603,0.2224573
198,0.0007570196,0.0003324341,4.132803E-05,6.072841E-05,0.002608421,0.04268857,0.008467112,0.1961179,0.4846339,0.0529575,0.2113351
199,0.0007566444,0.0003313734,4.114722E-05,6.024734E-05,0.002556234,0.04210229,0.007922466,0.1931406,0.5005763,0.05353187,0.1989809
200,0.0008295788,0.0003618445,4.495196E-05,6.539478E-05,0.002745355,0.04535999,0.008118828,0.2024295,0.4914719,0.05645645,0.1921162
201,0.0008976928,0.0003898574,4.853625E-05,7.001539E-05,0.002906849,0.048228,0.008176782,0.208947,0.4748937,0.05967974,0.1957618
202,0.0009037568,0.0003909823,4.884925E-05,6.977837E-05,0.002858168,0.04779761,0.007596117,0.2026239,0.461874,0.06158187,0.2142549
203,0.0008292998,0.000357666,4.484197E-05,6.348394E-05,0.002567877,0.04342851,0.006469568,0.1839993,0.4650485,0.06132482,0.2358661
204,0.0007585612,0.0003260807,4.099339E-05,5.760137E-05,0.00231182,0.03951085,0.005591059,0.1686794,0.4807936,0.060513,0.2414171
205,0.0006371194,0.0002733838,3.443248E-05,4.8214E-05,0.001979874,0.033796,0.004721723,0.1505727,0.540528,0.05244916,0.2149594
206,0.0005181906,0.000221998,2.798899E-05,3.922838E-05,0.001623456,0.02802368,0.003944091,0.1298914,0.6015706,0.04518394,0.1889555
207,0.0004344211,0.0001857519,2.343461E-05,3.300383E-05,0.001394885,0.02417532,0.003594318,0.1166362,0.6571197,0.03794065,0.1584623
208,0.0003939283,0.0001680294,2.121206E-05,3.007962E-05,0.001316613,0.02266999,0.003720831,0.1129015,0.6940916,0.03234727,0.132339
209,0.0003729206,0.0001587213,2.004877E-05,2.865885E-05,0.001311473,0.02223251,0.004132674,0.1138579,0.7172309,0.02796991,0.1126843
210,0.0003836608,0.000162959,2.059581E-05,2.962817E-05,0.001420081,0.02352859,0.004957272,0.1221349,0.7206266,0.02562755,0.1011082
211,0.0004524449,0.0001916693,2.425E-05,3.491091E-05,0.001733682,0.0280225,0.006476045,0.1428435,0.6980203,0.02613825,0.09606243
212,0.0005758856,0.0002432062,3.084268E-05,4.418317E-05,0.002235614,0.03543241,0.008582157,0.1737056,0.6529635,0.02898499,0.09720168
213,0.0007504372,0.0003158544,4.023439E-05,5.70101E-05,0.002878575,0.04518707,0.01085436,0.2095157,0.5903704,0.03385902,0.1061714
214,0.0009424463,0.000395303,5.070238E-05,7.071847E-05,0.003506853,0.05507494,0.01253749,0.2402172,0.5207759,0.04006197,0.1263665
215,0.001103965,0.0004615021,5.970788E-05,8.172901E-05,0.003947941,0.06249452,0.01309509,0.2583596,0.4497378,0.04727199,0.1633862
216,0.001069299,0.0004462991,5.821731E-05,7.830533E-05,0.003673049,0.05912015,0.01120477,0.2410754,0.4070563,0.0530397,0.2231786
217,0.0008663081,0.0003631375,4.742783E-05,6.3015E-05,0.003018669,0.04839289,0.008592985,0.2091901,0.4478594,0.0494986,0.2321076
218,0.0006497875,0.0002737528,3.567251E-05,4.723015E-05,0.002228227,0.03664454,0.006120425,0.1671472,0.5327306,0.04470225,0.2094203
219,0.0004768179,0.0002018734,2.61836E-05,3.485081E-05,0.001651696,0.02762116,0.004628202,0.1340065,0.6312661,0.0362082,0.1638785
220,0.0003645672,0.0001550352,1.999938E-05,2.696101E-05,0.001319099,0.02206999,0.004038789,0.11394,0.708947,0.02769538,0.1214232
221,0.0003209369,0.0001369605,1.757539E-05,2.405059E-05,0.00124896,0.02042891,0.004400482,0.1104985,0.7477285,0.02203045,0.09316464
222,0.0002917322,0.0001250045,1.596089E-05,2.221414E-05,0.001246076,0.01958187,0.005166376,0.1112292,0.7708546,0.01768266,0.07378425
223,0.000309268,0.0001330314,1.690598E-05,2.379658E-05,0.001438807,0.02148641,0.006863529,0.12472,0.7646853,0.01595714,0.06436575
224,0.0003799165,0.0001639109,2.076035E-05,2.927047E-05,0.001858169,0.02653256,0.009623031,0.1512096,0.7333863,0.01640331,0.06039298
225,0.0004699696,0.0002034228,2.572366E-05,3.614422E-05,0.002352756,0.0325391,0.01266992,0.1815106,0.6871693,0.01804852,0.06497467
226,0.0005432855,0.0002361031,2.987329E-05,4.160608E-05,0.00268467,0.0367533,0.01423803,0.1989062,0.6504343,0.01986898,0.07626371
227,0.0006018454,0.0002626393,3.328563E-05,4.585235E-05,0.002894942,0.03964843,0.01478521,0.209405,0.6179909,0.02217142,0.0921604
228,0.0006056355,0.0002655955,3.3709E-05,4.600584E-05,0.002827422,0.03904772,0.01379343,0.2056172,0.6052394,0.02409358,0.1084303
229,0.0004976189,0.0002206847,2.787876E-05,3.79894E-05,0.002328017,0.03215613,0.01098021,0.1781488,0.6435413,0.022567,0.1094944
230,0.0004188262,0.0001877857,2.355893E-05,3.226343E-05,0.001967247,0.02728284,0.009290097,0.1580019,0.6817598,0.02069978,0.1003359
231,0.0003610739,0.0001636942,2.035634E-05,2.818741E-05,0.001746734,0.02398863,0.008583095,0.1460341,0.7146651,0.0183456,0.08606352
232,0.0003111631,0.0001427012,1.757052E-05,2.473405E-05,0.001586582,0.02128609,0.008377972,0.1371295,0.7432337,0.01569145,0.07219853
233,0.0002989625,0.0001386987,1.689799E-05,2.417816E-05,0.001622606,0.02098361,0.009330262,0.1409581,0.7489579,0.0141394,0.06352939
234,0.0003028833,0.0001422024,1.714035E-05,2.489831E-05,0.001745846,0.02166777,0.01086653,0.1503054,0.7433702,0.01325999,0.05829707
235,0.0003662926,0.0001738902,2.075326E-05,3.029627E-05,0.002166417,0.02600774,0.01397785,0.1778201,0.7070662,0.01414819,0.05822234
236,0.0005106371,0.0002446529,2.897364E-05,4.208551E-05,0.003001525,0.03522542,0.01930419,0.2293379,0.6334663,0.01705491,0.06178349
237,0.0007372057,0.0003560297,4.200813E-05,6.014539E-05,0.00414645,0.04855682,0.0253196,0.2934973,0.5351608,0.02175467,0.07036879
238,0.001064059,0.0005172124,6.107246E-05,8.54542E-05,0.005568979,0.06612086,0.03106337,0.3644089,0.4164692,0.02848512,0.08615575
239,0.001371528,0.0006705415,7.955806E-05,0.0001083015,0.006604293,0.08040886,0.03291909,0.4076195,0.3132379,0.03625007,0.1207304
240,0.001615085,0.000793342,9.481354E-05,0.0001251831,0.007148341,0.08955379,0.03154736,0.4217642,0.2350307,0.04457702,0.16775
241,0.001628095,0.0008102,9.719356E-05,0.0001238038,0.00745221,0.08974142,0.02908227,0.4343964,0.1997752,0.04496004,0.1919332
242,0.001333334,0.0006733201,8.104705E-05,0.0001007568,0.005652411,0.07230867,0.01955914,0.3572423,0.2225009,0.05111302,0.2694351
243,0.0009184188,0.0004704992,5.651202E-05,6.983204E-05,0.003685744,0.05022345,0.01156959,0.2662801,0.3481743,0.04988326,0.2686682
244,0.0006362728,0.0003306255,3.941096E-05,4.896848E-05,0.002492229,0.03561124,0.007487576,0.1991459,0.5101944,0.04045131,0.203562
245,0.0004476304,0.0002357708,2.779865E-05,3.520826E-05,0.001784347,0.02623478,0.005539162,0.1556191,0.6370665,0.03015213,0.1428576
246,0.0003302258,0.0001762203,2.053405E-05,2.6777E-05,0.00140053,0.02067439,0.004860903,0.130184,0.7194978,0.02157746,0.1012511
247,0.0003408171,0.0001841389,2.120069E-05,2.819014E-05,0.001535843,0.0222688,0.005970753,0.1406136,0.7254525,0.01908106,0.084503
248,0.0004248224,0.0002318413,2.640562E-05,3.553734E-05,0.002024973,0.02849076,0.0087349,0.1764784,0.6860387,0.01974141,0.07777219
249,0.0005531336,0.0003048503,3.447762E-05,4.648793E-05,0.002669626,0.0371308,0.0119422,0.2205895,0.6227568,0.02234555,0.08162653
250,0.0006594184,0.0003670227,4.137994E-05,5.550753E-05,0.003107864,0.04366394,0.01362914,0.2478093,0.5677167,0.02528508,0.09766464
251,0.0006816071,0.0003831283,4.316802E-05,5.75456E-05,0.003092415,0.04453972,0.01294938,0.246278,0.539645,0.02770173,0.1246283
252,0.0006401756,0.0003631987,4.089247E-05,5.437745E-05,0.002804576,0.0416134,0.01121827,0.2299503,0.537335,0.02939158,0.1465882
253,0.0006480073,0.0003648244,4.146693E-05,5.526702E-05,0.002356434,0.03939687,0.008900194,0.2007542,0.49313,0.04242402,0.2119287
254,0.0005453055,0.0003045442,3.483657E-05,4.68296E-05,0.001938549,0.03302184,0.007017447,0.1759736,0.5271099,0.04302309,0.210984
255,0.0004781022,0.0002645936,3.038223E-05,4.136948E-05,0.001681859,0.02902988,0.005989785,0.160761,0.5667884,0.04151786,0.1934168
256,0.0004488193,0.0002459844,2.83083E-05,3.914249E-05,0.001579015,0.02743318,0.005664921,0.1559415,0.595769,0.03971874,0.1731314
257,0.0004144449,0.0002250116,2.593491E-05,3.651212E-05,0.001471469,0.02564627,0.005415121,0.149764,0.6259769,0.03657087,0.1544535
258,0.0004392647,0.0002363,2.727588E-05,3.899627E-05,0.001573581,0.02734058,0.005942385,0.1592077,0.6238397,0.03611532,0.1452388
259,0.0005088265,0.0002713297,3.138323E-05,4.538051E-05,0.001826521,0.03158433,0.006983724,0.1793144,0.6006902,0.03791959,0.1408242
260,0.0006298596,0.0003331153,3.866765E-05,5.622728E-05,0.002236772,0.03858407,0.008443926,0.2091187,0.5544639,0.0422788,0.1438158
261,0.0007522701,0.0003949571,4.610059E-05,6.709673E-05,0.00261181,0.04523189,0.009490567,0.2334579,0.5011598,0.04757896,0.1592087
262,0.0008767215,0.0004571683,5.376767E-05,7.795943E-05,0.002947787,0.05151276,0.01008404,0.2518756,0.4434452,0.05392499,0.184744
263,0.0008182138,0.0004244504,5.032419E-05,7.273757E-05,0.002662799,0.04740044,0.008510081,0.2287433,0.4221907,0.05656334,0.2325636
264,0.0007384689,0.0003808625,4.544345E-05,6.563814E-05,0.002338389,0.04240223,0.007046731,0.2055436,0.4232504,0.05826511,0.2599231
265,0.0005860295,0.0003005145,3.602451E-05,5.230654E-05,0.001862891,0.03414462,0.005435965,0.173719,0.4963715,0.05178814,0.2357029
266,0.0004888753,0.0002489746,2.994261E-05,4.389383E-05,0.001551599,0.02889754,0.00454604,0.1514895,0.5629352,0.04586061,0.2039078
267,0.0003808604,0.0001926013,2.321706E-05,3.460565E-05,0.001231936,0.02319567,0.003796963,0.1275009,0.6437696,0.03696287,0.1629109
268,0.0003160232,0.0001585836,1.916331E-05,2.916311E-05,0.001067582,0.02003638,0.00364313,0.1148252,0.702839,0.02921059,0.1278552
269,0.0002755475,0.000137229,1.662258E-05,2.591595E-05,0.0009977582,0.01834871,0.003935544,0.1097459,0.743836,0.02298624,0.09969433
270,0.000298265,0.0001474627,1.789836E-05,2.842344E-05,0.001158649,0.02053623,0.005240005,0.1235594,0.7437293,0.02077317,0.08451112
271,0.000364571,0.0001790571,2.178897E-05,3.499187E-05,0.001490322,0.02544209,0.00741581,0.1500284,0.7167056,0.02103193,0.0772854
272,0.0004791142,0.0002340161,2.859201E-05,4.605195E-05,0.001994974,0.03317618,0.01032053,0.187615,0.6629546,0.02356251,0.07958841
273,0.0005797429,0.0002821202,3.468353E-05,5.570001E-05,0.002383459,0.03933945,0.01215363,0.2127626,0.6133435,0.0264251,0.09264006
274,0.0006625128,0.0003214488,3.982275E-05,6.351467E-05,0.002642951,0.04380935,0.01288053,0.2273797,0.5664607,0.02992056,0.1158189
275,0.0007063688,0.0003418842,4.268713E-05,6.757723E-05,0.002720786,0.04561277,0.012521,0.2310064,0.5295959,0.03380238,0.1435823
276,0.0006826745,0.0003298212,4.145184E-05,6.530203E-05,0.002543144,0.04334737,0.01103036,0.219612,0.5174151,0.03682505,0.1681077
277,0.0006323521,0.0003072095,3.857537E-05,6.066551E-05,0.002406964,0.04055358,0.009986759,0.2130788,0.5335227,0.0353355,0.1640769
278,0.0004905444,0.0002398874,3.002699E-05,4.761686E-05,0.001851547,0.03189472,0.007519665,0.1756226,0.5989352,0.03169428,0.1516739
279,0.0004318459,0.000212296,2.644728E-05,4.244274E-05,0.001647563,0.02859965,0.006796935,0.1620992,0.6371868,0.02863456,0.1343222
280,0.000350212,0.0001731258,2.143458E-05,3.511098E-05,0.001385391,0.02401613,0.006050178,0.143063,0.6920297,0.02361198,0.1092636
281,0.0002958556,0.000147079,1.808618E-05,3.037798E-05,0.001243861,0.02118093,0.005976302,0.1324427,0.7310236,0.01914896,0.08849236
282,0.0002891962,0.0001445683,1.764729E-05,3.034063E-05,0.001308403,0.02149381,0.00703435,0.138339,0.7395681,0.01673887,0.07503586
283,0.0003105494,0.000156141,1.892543E-05,3.315318E-05,0.001501308,0.02365366,0.008898357,0.1538978,0.7285069,0.01574449,0.06727871
284,0.0003603803,0.0001823096,2.196962E-05,3.892903E-05,0.001814605,0.02761399,0.01140668,0.1776649,0.6987967,0.01609896,0.06600062
285,0.0004489681,0.0002285134,2.743815E-05,4.873829E-05,0.002273767,0.03391262,0.01444813,0.2101426,0.6504978,0.01785673,0.07011467
286,0.0005443951,0.0002788033,3.343747E-05,5.921489E-05,0.002704241,0.04015062,0.01675418,0.2386913,0.5992509,0.02041519,0.0811177
287,0.0005631159,0.0002904971,3.485977E-05,6.152992E-05,0.002702222,0.04063392,0.0158972,0.2366827,0.5802603,0.022314,0.1005597
288,0.000532951,0.000276938,3.322967E-05,5.866438E-05,0.002476097,0.03790031,0.01381729,0.221151,0.584312,0.02355654,0.115885
289,0.0005700231,0.0002952457,3.563444E-05,6.305619E-05,0.002274864,0.03821257,0.01198232,0.2069008,0.5566934,0.03152861,0.1514434
290,0.0005455012,0.0002816085,3.411363E-05,6.068507E-05,0.00212695,0.03600232,0.01066282,0.1977721,0.5664783,0.03325717,0.1527786
291,0.000540475,0.0002780001,3.375555E-05,6.040677E-05,0.002069051,0.03519656,0.009958969,0.1945428,0.5718701,0.03456766,0.1508823
292,0.0005272896,0.0002702722,3.28678E-05,5.923369E-05,0.001990814,0.03401443,0.009270268,0.1893483,0.5817345,0.03496694,0.1477851
293,0.0005042094,0.0002576225,3.136234E-05,5.698047E-05,0.001885024,0.03234394,0.008549985,0.1816346,0.5953595,0.03450467,0.1448722
294,0.0004961741,0.0002527111,3.078597E-05,5.639786E-05,0.001843785,0.03170184,0.008208041,0.1786028,0.6028628,0.03419717,0.1417474
295,0.000557607,0.0002829431,3.450805E-05,6.350721E-05,0.002052219,0.03523786,0.008932413,0.1936622,0.5820693,0.03639422,0.1407131
296,0.0006342132,0.0003206287,3.918164E-05,7.22672E-05,0.002303105,0.03955166,0.009737895,0.2112221,0.5521177,0.03955337,0.1444478
297,0.0007268217,0.000366235,4.491269E-05,8.26999E-05,0.00257918,0.04450405,0.01039744,0.2285825,0.5115495,0.04388228,0.1572844
298,0.0007640928,0.0003840443,4.730544E-05,8.684913E-05,0.002637666,0.04601473,0.01002074,0.2301147,0.4811854,0.04756947,0.1811749
299,0.0007211881,0.0003618082,4.474262E-05,8.202147E-05,0.00242406,0.04297229,0.008662468,0.2140532,0.4740164,0.04953432,0.2071276
300,0.0006444475,0.0003226792,3.999796E-05,7.345549E-05,0.002122896,0.03827249,0.007218923,0.1930256,0.4939785,0.04945647,0.2148446
301,0.000403265,0.0002058114,2.509735E-05,4.690676E-05,0.001549896,0.0263194,0.005408102,0.1528757,0.656524,0.02791509,0.1287268
302,0.0003073122,0.0001597006,1.913275E-05,3.670033E-05,0.001264463,0.02139436,0.004942853,0.1306297,0.7267874,0.02023955,0.09421883
303,0.0002451788,0.0001297366,1.525507E-05,3.03049E-05,0.00113485,0.01851151,0.005327099,0.1205442,0.7717752,0.01454849,0.06773815
