"<HEADER software/>"
EwEVersion,"6.7.0.17868 (compiled 5/31/2022)"
Date,"7/27/2023 4:35:40 PM"
"<HEADER ecopath/>"
ModelName,1
"<HEADER ecosim/>"
EcosimScenario,spa_01_adjTry3
TimeSeries,TS_updated_IB13
StartYear,1980
"<HEADER end/>"

Data,"Prey of Surface pelagics"

timestep\group,"Surface pelagics",Sardine-herring-scad,Anchovy-silverside-killifish,Cephalopod,"Pink shrimp","Brown shrimp","White shrimp",Crab,"Sessile epifauna","Mobile epifauna",Zooplankton,Infauna,Algae,Seagrass,Phytoplankton,Detritus,
1,0.00533988,0.02196949,0.02909998,0.05741161,0.001305453,0.001028692,0.00417561,0.005989464,0.1081231,0.08051441,0.2905533,0.1105529,0.0652996,0.07164382,0.01419468,0.1327981
2,0.004840512,0.0196362,0.02644696,0.05452606,0.001235322,0.001007413,0.003935464,0.005151442,0.1006372,0.07398748,0.3146118,0.1028181,0.07200516,0.07262364,0.01503489,0.1315023
3,0.004078451,0.01605311,0.02221322,0.05030507,0.001109324,0.0009553971,0.003537476,0.004086037,0.08847515,0.06373639,0.3633705,0.09227645,0.08101755,0.06534378,0.01594258,0.1274995
4,0.003901321,0.01469316,0.02082851,0.05604823,0.001094585,0.0009656533,0.003467262,0.003656152,0.08596495,0.05963249,0.3949653,0.08661954,0.07501818,0.05559202,0.01378923,0.1237634
5,0.004082819,0.01463115,0.02108065,0.06977431,0.001142487,0.001008639,0.003586899,0.003573249,0.08929998,0.05896802,0.4018272,0.0841842,0.0646064,0.04988455,0.01138204,0.1209674
6,0.00472685,0.016301,0.02346945,0.09188665,0.001269859,0.0010873,0.003936278,0.003893285,0.1002142,0.06287379,0.3771986,0.08579087,0.05310192,0.04513058,0.009205083,0.1199144
7,0.005700294,0.01922831,0.02726691,0.1180444,0.00144216,0.001183496,0.004424718,0.004464278,0.116281,0.06962492,0.325615,0.08991662,0.04573601,0.04363132,0.007944589,0.119496
8,0.006623376,0.02221199,0.03077607,0.1366873,0.001579331,0.001248042,0.004825096,0.004978895,0.1312358,0.07575727,0.265774,0.09381223,0.0452332,0.04997989,0.008088735,0.1211887
9,0.007677486,0.02604282,0.03501675,0.1487855,0.001718281,0.001292042,0.005220043,0.005587051,0.1484303,0.08345244,0.2096113,0.09862713,0.043285,0.05398992,0.008117888,0.123146
10,0.00871563,0.03025801,0.03941,0.153371,0.001835993,0.001318332,0.005567159,0.006177681,0.1657873,0.09160054,0.1565019,0.1042882,0.04223185,0.05917361,0.008423509,0.1253394
11,0.009180969,0.03286758,0.04161981,0.1434606,0.001846876,0.001288728,0.005625266,0.006363817,0.1745278,0.09587961,0.1147751,0.1086396,0.04743501,0.07375527,0.01033817,0.1323958
12,0.01060616,0.03962309,0.04860397,0.1446793,0.001994943,0.001298291,0.006032617,0.007225751,0.1992784,0.1087679,0.07750648,0.1162364,0.03776322,0.06225803,0.00854161,0.1295838
13,0.01062088,0.04332218,0.05179116,0.1195274,0.001907489,0.001209405,0.005847572,0.007102118,0.2007436,0.1158875,0.05010719,0.1217047,0.04611764,0.08504078,0.01179449,0.127276
14,0.009366222,0.03986675,0.04695882,0.09177776,0.00165771,0.00105131,0.005170725,0.006157576,0.18187,0.107924,0.04032709,0.1240333,0.06586023,0.1137202,0.01884062,0.1454176
15,0.008822987,0.03919562,0.04575486,0.07582986,0.001577667,0.001013746,0.005002124,0.005777501,0.1774988,0.1089083,0.03758574,0.1349756,0.06989173,0.1094677,0.02082123,0.1578766
16,0.007626575,0.03514118,0.04120026,0.0581133,0.001457018,0.0009906271,0.004710703,0.005034495,0.1633622,0.1049757,0.04505865,0.1447968,0.08524375,0.1105537,0.02581833,0.1659168
17,0.006284095,0.02979795,0.03556908,0.04327101,0.001359278,0.001004343,0.004450131,0.004250627,0.147377,0.09921536,0.0740422,0.1515076,0.1055912,0.09590787,0.03116018,0.1692121
18,0.005523393,0.02672936,0.03263944,0.03561944,0.001357429,0.00105747,0.004408414,0.003888421,0.1405306,0.09745749,0.1351693,0.1527093,0.1008451,0.07407855,0.02834635,0.15964
19,0.005112465,0.02497261,0.03123056,0.03239264,0.001388552,0.001099771,0.004421632,0.003752746,0.1374853,0.09668997,0.2024053,0.1477403,0.08491659,0.06068108,0.02251544,0.1431951
20,0.005232019,0.02568872,0.03270968,0.03357654,0.001487205,0.00114748,0.004610118,0.00397101,0.1432029,0.1007731,0.2396111,0.1443317,0.06666921,0.05170228,0.01695759,0.1283292
21,0.005676895,0.0280506,0.03613475,0.03716128,0.001618009,0.001190124,0.004889186,0.00440143,0.1542612,0.1079734,0.2459085,0.1427445,0.05372046,0.04671534,0.01336735,0.1161869
22,0.005731807,0.0284955,0.03714133,0.03799489,0.001625216,0.001159094,0.004842961,0.004480132,0.1548882,0.1082552,0.2379086,0.1360336,0.05720632,0.05866204,0.01392413,0.111651
23,0.006018773,0.03029959,0.03977427,0.03953525,0.001665368,0.001137961,0.004898272,0.004715879,0.1605849,0.1121909,0.2222284,0.1338935,0.055087,0.06330306,0.01338268,0.1112843
24,0.005668195,0.02879797,0.03826127,0.03672519,0.001561809,0.001062841,0.004599335,0.004425206,0.151821,0.106998,0.2160626,0.1278014,0.06538288,0.07896283,0.01597236,0.1158972
25,0.0054121,0.03192425,0.04254485,0.03029378,0.001471482,0.0009995403,0.004378485,0.004216681,0.1444167,0.1198037,0.1882532,0.1319886,0.07600268,0.08636363,0.01923271,0.1126978
26,0.005108523,0.03029306,0.04062993,0.02791382,0.001402462,0.0009674078,0.004219437,0.004002169,0.1368424,0.116484,0.194856,0.1357909,0.08041386,0.08292935,0.02053506,0.1176115
27,0.004836389,0.02868708,0.03882517,0.02618058,0.001362654,0.000961345,0.004131408,0.003835195,0.1304298,0.1138117,0.2092843,0.1387599,0.08222283,0.07721865,0.02081258,0.1186405
28,0.004866235,0.02882279,0.03930468,0.02637986,0.001396683,0.0009905621,0.004226733,0.003925878,0.1308332,0.1161286,0.2187703,0.1429028,0.07575283,0.06982163,0.01893013,0.1169472
29,0.004725984,0.02783683,0.03832487,0.02589191,0.001392142,0.000999069,0.004205497,0.003876528,0.1269724,0.1145087,0.2283419,0.1426676,0.07727131,0.0692609,0.01907842,0.1146459
30,0.004843374,0.02839723,0.03936456,0.02682837,0.001441623,0.001027249,0.00431783,0.004037711,0.1287129,0.1171471,0.2300145,0.1443402,0.07266257,0.06588768,0.01776377,0.1132134
31,0.005240059,0.03070183,0.04267993,0.02913926,0.001544926,0.001071839,0.004566662,0.004433323,0.136322,0.1245211,0.2219419,0.1485145,0.06300218,0.06081013,0.01544094,0.1100694
32,0.00568174,0.03342819,0.04647143,0.03130604,0.001637348,0.001097334,0.004779879,0.004860368,0.1441603,0.1319696,0.2055584,0.1515604,0.0569268,0.06000772,0.0141814,0.106373
33,0.006293987,0.03747768,0.05190444,0.03365866,0.001739545,0.00110698,0.005004802,0.005422857,0.1549667,0.1418134,0.1825484,0.1550024,0.04996283,0.05799668,0.01280126,0.1022993
34,0.006762493,0.04097606,0.0564764,0.03453058,0.001780805,0.001076951,0.005071684,0.005841038,0.1620104,0.1485323,0.1578468,0.1559749,0.04801932,0.06237831,0.01288301,0.09983894
35,0.006094312,0.03749067,0.05175361,0.0294564,0.001572425,0.0009419273,0.004502301,0.005242499,0.1452286,0.1353537,0.1442124,0.1472356,0.07087054,0.09080832,0.02018889,0.1090479
36,0.005451298,0.03391725,0.04712355,0.02520229,0.001425861,0.0008772591,0.004149562,0.004692964,0.1313205,0.1256376,0.1519401,0.1465726,0.08609134,0.09013481,0.02444217,0.1210208
37,0.004581454,0.02509675,0.03581944,0.02339204,0.001301919,0.000878242,0.003838855,0.003977748,0.1156205,0.0993262,0.2242108,0.1370661,0.09282972,0.07650618,0.02444971,0.1311044
38,0.004045412,0.02172628,0.03196324,0.0220325,0.001242117,0.0009034884,0.003679932,0.003531881,0.1054805,0.09106284,0.2886555,0.1278678,0.08933947,0.06371046,0.02142035,0.1233382
39,0.003580995,0.01847053,0.02814692,0.02224839,0.001179703,0.0009174927,0.003500979,0.003109497,0.09544296,0.08168168,0.3501548,0.1159252,0.0874193,0.05514955,0.01897205,0.1141002
40,0.00327783,0.01591745,0.02517062,0.02482489,0.001133442,0.0009273888,0.003357944,0.002786246,0.08776259,0.07324035,0.3996258,0.104304,0.08534859,0.0484772,0.01686169,0.106984
41,0.003179082,0.01430981,0.0234166,0.03097337,0.001118661,0.0009447109,0.003301182,0.00260344,0.0837768,0.06707828,0.4323812,0.09515977,0.08069417,0.04368476,0.01478837,0.1025899
42,0.003552596,0.01485432,0.02475712,0.04455841,0.001207805,0.001012474,0.003528417,0.002787175,0.08915926,0.06777849,0.4324842,0.09302887,0.06730504,0.04023103,0.01183514,0.1019196
43,0.004399893,0.01744586,0.02898721,0.06578648,0.001390246,0.001116186,0.003998747,0.003322915,0.1031342,0.07451045,0.4035186,0.09619863,0.05173793,0.03479604,0.009012132,0.1006442
44,0.005737003,0.02208082,0.03593835,0.09374569,0.001649684,0.001249432,0.00468404,0.004199393,0.1250099,0.08628996,0.3399314,0.1031737,0.04057969,0.03026144,0.007098055,0.09837133
45,0.007248931,0.02773789,0.04372304,0.1184126,0.001886917,0.001337173,0.005302612,0.005171269,0.1482668,0.0987786,0.2646498,0.1092495,0.03579327,0.03151685,0.006420102,0.09450466
46,0.007985497,0.03081561,0.04701997,0.1226027,0.001910361,0.00129042,0.005361536,0.005554005,0.1569565,0.1023587,0.2012726,0.1094616,0.04511537,0.05349398,0.009017417,0.09978386
47,0.007114082,0.02774802,0.04146648,0.09942381,0.001643159,0.001120882,0.004686104,0.004817937,0.1402062,0.09140396,0.1679102,0.1058435,0.07483449,0.09014154,0.01723418,0.1244053
48,0.006951224,0.02745336,0.0403409,0.08848137,0.001596394,0.00112239,0.004644196,0.004648562,0.1393438,0.09129159,0.1512773,0.1141227,0.08008025,0.08591864,0.01892071,0.1438066
49,0.007162218,0.03200557,0.0461262,0.07382736,0.001631573,0.001135419,0.004838797,0.004734855,0.1443854,0.1077072,0.1276958,0.1309351,0.07925736,0.08197082,0.01953442,0.1370519
50,0.006835155,0.030898,0.04395699,0.06436197,0.001587439,0.001111049,0.004782095,0.004520187,0.1402436,0.1070574,0.1272614,0.1400151,0.08502726,0.08050135,0.02167726,0.1401637
51,0.006466016,0.02952287,0.04167096,0.05604606,0.00155697,0.00109864,0.004727852,0.004319838,0.1358283,0.1059556,0.1353236,0.1461064,0.09083042,0.07525314,0.02338993,0.1419034
52,0.006120464,0.02813829,0.03959231,0.04951497,0.001545928,0.001100476,0.004699429,0.004161829,0.1320231,0.1048449,0.1536645,0.1495358,0.09322167,0.06748238,0.02385991,0.1404941
53,0.005941035,0.02741814,0.03854448,0.0456274,0.001567548,0.001114127,0.00473517,0.004127309,0.1307714,0.1050129,0.176064,0.1508743,0.08928974,0.06019494,0.02252775,0.1361896
54,0.00609609,0.02822457,0.03958302,0.04501501,0.001643333,0.001141108,0.004899567,0.00432442,0.1347488,0.1085696,0.1913375,0.1523353,0.0781512,0.05448876,0.01949942,0.1299424
55,0.006688578,0.03118766,0.04343968,0.04750033,0.001783041,0.001176089,0.005218943,0.004824005,0.1456324,0.1169276,0.1918462,0.1556088,0.06285253,0.04807203,0.0157027,0.1215394
56,0.007631621,0.03607839,0.0496863,0.05157325,0.001953018,0.001196728,0.005602928,0.005556517,0.1614776,0.1286587,0.1767556,0.1593422,0.04922049,0.04175448,0.01245944,0.1110528
57,0.008119212,0.03907681,0.05324176,0.0515446,0.001983279,0.001140971,0.005623926,0.005915652,0.1676417,0.1331094,0.1540838,0.1568621,0.05042199,0.0517919,0.01324874,0.1061943
58,0.00777043,0.03813599,0.05162345,0.04574673,0.001831173,0.001011374,0.00517882,0.005624189,0.1587301,0.1267179,0.1374413,0.1493168,0.06532894,0.07465636,0.01794884,0.1129376
59,0.007380743,0.03691648,0.04983088,0.04035035,0.001707739,0.0009295316,0.00486148,0.00531401,0.1507266,0.1220409,0.1313301,0.1480196,0.07419748,0.08198919,0.02069038,0.1237146
60,0.006821598,0.0346423,0.0468812,0.0349796,0.001591112,0.0008793377,0.00458754,0.00490824,0.140964,0.1167064,0.1400688,0.1488846,0.08209918,0.08258942,0.0228543,0.1305423
61,0.006369543,0.03135816,0.04280686,0.03241307,0.001530001,0.0009071761,0.004440007,0.004667925,0.1341433,0.1085994,0.1685462,0.1480759,0.08189296,0.07627556,0.02224238,0.1357315
62,0.005601774,0.02763665,0.03831903,0.02802722,0.001420326,0.0009178319,0.004160139,0.004182216,0.1214658,0.1004547,0.2090227,0.1424028,0.08918798,0.07142019,0.02318752,0.1325931
63,0.005099513,0.02498978,0.03527451,0.02596981,0.001362322,0.0009448942,0.004000828,0.003875327,0.1128999,0.09465753,0.2546112,0.1363704,0.08828454,0.06262102,0.02165862,0.12738
64,0.004931373,0.0238154,0.03420732,0.02641599,0.001365724,0.0009923534,0.003995751,0.003800541,0.1097289,0.09241462,0.2896219,0.1320234,0.08050816,0.05618576,0.01874859,0.1212443
65,0.005112815,0.02427758,0.03533852,0.02920256,0.001429606,0.001058181,0.004145891,0.003976132,0.1122853,0.0942417,0.3032459,0.1306247,0.07044769,0.05256253,0.0158567,0.1161943
66,0.00570816,0.02679858,0.03923941,0.03426602,0.001562544,0.001143664,0.004471795,0.004461724,0.1217141,0.101274,0.2921295,0.1333307,0.05935748,0.0492265,0.01321631,0.1120995
67,0.006614196,0.03100484,0.04534329,0.04042537,0.001731717,0.001228662,0.004886933,0.005179827,0.1358393,0.1119189,0.2606212,0.1382774,0.05046054,0.04714078,0.01133698,0.1079901
68,0.007488128,0.03538675,0.0514772,0.04498236,0.001855985,0.001270842,0.005185617,0.005856147,0.1484472,0.1214907,0.2184834,0.1417434,0.04772502,0.05178846,0.01107772,0.1057409
69,0.007956298,0.03817648,0.05520628,0.04557765,0.001868497,0.001241585,0.005198596,0.006193245,0.1536193,0.1256469,0.1785091,0.1418322,0.05205241,0.0654131,0.01285593,0.1086523
70,0.007504983,0.03659576,0.0528671,0.04039752,0.001711208,0.001138384,0.004801288,0.005801653,0.1440059,0.1191924,0.1518333,0.1382897,0.06877775,0.08810694,0.0182036,0.1207726
71,0.006651117,0.03284157,0.04774697,0.03378116,0.001535861,0.001065327,0.004400043,0.005128218,0.1299186,0.1101527,0.1485737,0.1384568,0.08752003,0.09325892,0.02365159,0.1353174
72,0.006675335,0.03337021,0.04876231,0.03234166,0.001559456,0.001107505,0.00451218,0.005189129,0.131535,0.1136622,0.1527629,0.146641,0.08011869,0.08056112,0.0215543,0.139647
73,0.006215912,0.0310764,0.04593122,0.02941299,0.001512719,0.001109195,0.00441236,0.00490055,0.1251873,0.1098995,0.1720759,0.1482009,0.08252417,0.07750219,0.02207727,0.1379614
74,0.005876778,0.02946196,0.04408855,0.02739328,0.001487597,0.001113695,0.00434188,0.004708184,0.1203711,0.1074452,0.1936038,0.1473767,0.08298669,0.0727926,0.02176224,0.1351897
75,0.005670355,0.02838329,0.04303005,0.02648631,0.001486054,0.001126836,0.004321613,0.004615159,0.1173708,0.105984,0.2164045,0.1456459,0.08002635,0.0679164,0.02046245,0.13107
76,0.005582891,0.02780662,0.04268682,0.02650199,0.001499598,0.001141723,0.004332712,0.004604547,0.1158204,0.10528,0.2356824,0.1432522,0.07579453,0.06457634,0.01890355,0.1265337
77,0.005368211,0.02648519,0.0412225,0.02622838,0.001475254,0.001131704,0.004242993,0.004463816,0.1114711,0.1017927,0.2551231,0.138002,0.07667842,0.06476185,0.01860048,0.1229524
78,0.005573334,0.02725858,0.04282511,0.02811176,0.001530169,0.001158971,0.004357466,0.00465982,0.1140307,0.1039963,0.2625649,0.1373072,0.06902201,0.06087072,0.01640742,0.1203255
79,0.006293691,0.03071095,0.04836259,0.03231385,0.001675172,0.001219513,0.004693333,0.005280908,0.124816,0.1130678,0.2537737,0.1415135,0.05526652,0.05289243,0.01313287,0.1149871
80,0.00721576,0.03538666,0.0555737,0.0369501,0.001827709,0.001267946,0.005047956,0.006056567,0.1378699,0.1239716,0.2281927,0.1459359,0.04613986,0.04912009,0.01112927,0.1083144
81,0.006798918,0.03352118,0.05275499,0.03403964,0.001674527,0.001148004,0.004630523,0.00566351,0.1279072,0.1156081,0.2074882,0.136981,0.06509538,0.07732997,0.01648284,0.1128761
82,0.006305216,0.0312353,0.04940043,0.03078176,0.001540301,0.001067069,0.004300718,0.005215012,0.1182997,0.1082424,0.206073,0.1333758,0.07679718,0.08386954,0.01970537,0.1237912
83,0.005765099,0.02851379,0.04554676,0.02793772,0.001434216,0.001027576,0.00406309,0.004746642,0.1090854,0.1014857,0.2258222,0.1320762,0.08302712,0.07995645,0.02098633,0.1285257
84,0.005678162,0.02793632,0.04502745,0.02784644,0.001432686,0.00104704,0.004083918,0.004675257,0.10729,0.1009349,0.2459023,0.1338634,0.07649738,0.07116794,0.0188687,0.1277481
85,0.005555868,0.02674523,0.04357521,0.02840813,0.001425997,0.001015463,0.004075744,0.004407241,0.1046719,0.09806342,0.2671185,0.1324771,0.07255556,0.06740278,0.01745125,0.1250505
86,0.005131098,0.02429768,0.04015113,0.02748458,0.001353637,0.0009589819,0.003888337,0.003922431,0.09691226,0.0914609,0.2905021,0.1261672,0.07866646,0.06831691,0.01829272,0.1224935
87,0.004969274,0.02304698,0.03858307,0.0283865,0.001335621,0.0009379067,0.003837949,0.003667035,0.09327876,0.08815749,0.3114742,0.122293,0.07749844,0.06408019,0.01734929,0.1211043
88,0.005227939,0.0237417,0.04006917,0.03208329,0.001400599,0.0009579639,0.004000365,0.003733553,0.09602825,0.09027047,0.319104,0.1227903,0.06813975,0.05864412,0.01488664,0.1189219
89,0.005645467,0.02517835,0.04263642,0.03688863,0.001484399,0.0009814404,0.004209942,0.003905849,0.1006899,0.09391101,0.3126759,0.1241479,0.06114633,0.05691966,0.01324161,0.1163373
90,0.006270557,0.02768243,0.04673859,0.04248337,0.001589109,0.001000645,0.004464913,0.004206999,0.1078678,0.09972797,0.2928219,0.1267733,0.05523542,0.05658596,0.01204226,0.1145088
91,0.0074294,0.03288519,0.05489887,0.05022337,0.001767449,0.001025779,0.004884978,0.004839987,0.1220899,0.1115655,0.2616224,0.1329475,0.04442652,0.04950513,0.009866399,0.1100216
92,0.008616073,0.03857919,0.06345559,0.05650043,0.001909399,0.001024386,0.005225178,0.005446206,0.1356658,0.1228838,0.2191216,0.1380465,0.0394674,0.04977481,0.009110935,0.1051726
93,0.009957901,0.04557997,0.0736353,0.06126214,0.002026461,0.0009849059,0.005475413,0.006092589,0.1503977,0.1349675,0.1759704,0.1419944,0.03448705,0.04913537,0.008398771,0.09963402
94,0.01053444,0.04953797,0.07874404,0.05962878,0.001977139,0.0008838674,0.005321443,0.006217752,0.1543224,0.13817,0.1348579,0.14102,0.03930679,0.06692625,0.01066136,0.1018898
95,0.009851522,0.04763637,0.07489941,0.05076073,0.00174118,0.0007402627,0.004729032,0.00560226,0.1424953,0.1290504,0.1055719,0.1368871,0.05547431,0.09967655,0.01689047,0.1179932
96,0.008086051,0.03999099,0.06286509,0.03817528,0.001430014,0.0006262724,0.004014722,0.004463765,0.1194064,0.1121308,0.1011341,0.1374331,0.08413385,0.1171508,0.02648989,0.142469
97,0.005917922,0.02594234,0.04201475,0.03045318,0.00120211,0.000627646,0.003519189,0.003207166,0.09628198,0.08210292,0.1877909,0.1313814,0.1056474,0.08845917,0.03005394,0.1653981
98,0.004693645,0.02029944,0.03409486,0.02532992,0.001097737,0.0006641448,0.003264955,0.002533239,0.0826225,0.07138343,0.3047722,0.1195556,0.09754045,0.06122186,0.02424238,0.1466836
99,0.003921248,0.0162406,0.02847542,0.02500518,0.001030213,0.0006932642,0.003069614,0.002095439,0.07266774,0.0621275,0.4007984,0.1042889,0.08628903,0.04766208,0.01863128,0.127004
100,0.004228799,0.01667188,0.03000084,0.03346917,0.001133437,0.0007619596,0.003313758,0.002215958,0.07708147,0.06388161,0.4291747,0.1009129,0.06520823,0.04005912,0.01313169,0.1187544
101,0.005449777,0.02067,0.03736327,0.05190019,0.001395014,0.0008834082,0.003988975,0.002786742,0.09377243,0.07473536,0.4066274,0.1073609,0.04436826,0.02846377,0.008846436,0.111388
102,0.007205172,0.02684877,0.04799294,0.07517754,0.001709597,0.0009883754,0.004780507,0.003570914,0.1161769,0.0896064,0.3484543,0.115774,0.03139178,0.02105462,0.006252299,0.1030158
103,0.009051711,0.03390559,0.0592371,0.09419794,0.001960673,0.001012622,0.005370155,0.004330056,0.1376369,0.1035405,0.2771643,0.1204411,0.02883082,0.02369474,0.005816085,0.09380975
104,0.01080316,0.04132476,0.0701895,0.105482,0.002118734,0.0009684613,0.005709135,0.004963726,0.1563438,0.1153601,0.2101779,0.1221072,0.02890576,0.03085596,0.006192462,0.08849736
105,0.01204255,0.04746719,0.07843241,0.1066627,0.002140882,0.0008725272,0.005716097,0.005286462,0.1679962,0.1223651,0.1519664,0.1215174,0.03239649,0.04645189,0.007725122,0.09096063
106,0.01172549,0.04776404,0.07725749,0.09257468,0.001927464,0.0007288941,0.005173889,0.004904299,0.1609585,0.1173826,0.1071365,0.1182127,0.04604466,0.08484663,0.01274781,0.1106145
107,0.009505261,0.03984056,0.0639411,0.0667686,0.001535159,0.0005933784,0.004257707,0.003811483,0.1334417,0.1002167,0.09086438,0.1178861,0.07332911,0.1245875,0.02242309,0.1469981
108,0.006925643,0.02952843,0.04801545,0.04426529,0.00123367,0.0005607046,0.003625405,0.002737609,0.105668,0.08390839,0.1213732,0.1261349,0.1085123,0.1132126,0.03203861,0.1722599
109,0.006380574,0.03233021,0.05255954,0.0328625,0.001213938,0.000542457,0.003696949,0.002659706,0.1007619,0.09981054,0.1404008,0.1463717,0.1079778,0.08759966,0.0307611,0.1540706
110,0.005506654,0.02792549,0.04579464,0.02763395,0.001174116,0.000538304,0.00364947,0.002484394,0.09122695,0.09534977,0.2003914,0.1519848,0.1047452,0.06881689,0.02865574,0.1441223
111,0.004962646,0.0249177,0.04127746,0.02536181,0.001172658,0.0005416546,0.003629667,0.002436895,0.08467649,0.09147487,0.2624069,0.1485088,0.09619163,0.05611496,0.02470558,0.1316203
112,0.004804419,0.02367199,0.03955736,0.02598854,0.001219082,0.0005522381,0.003705246,0.00254152,0.08239654,0.09034612,0.3064625,0.1437294,0.08396439,0.04964,0.02033849,0.1210823
113,0.004718754,0.02265286,0.03816365,0.0277014,0.001256058,0.0005557319,0.003742798,0.002639129,0.08022062,0.08837858,0.3344325,0.1367517,0.07819769,0.04909609,0.01797031,0.1135222
114,0.004737352,0.02208981,0.0374331,0.03043797,0.001292738,0.0005558064,0.003781286,0.002750391,0.07895423,0.08681682,0.3479925,0.1304375,0.07529019,0.05073664,0.01657671,0.1101169
115,0.005486747,0.02507995,0.04228213,0.03776489,0.001462566,0.0005739864,0.004166279,0.003271029,0.08747733,0.09499589,0.3382911,0.1341121,0.05976886,0.04459967,0.01299601,0.1076716
116,0.006193279,0.02789989,0.04662703,0.04465756,0.001596773,0.0005785486,0.00447477,0.003747054,0.09456588,0.1016614,0.3110226,0.1362999,0.05505497,0.04801729,0.01200556,0.1055974
117,0.006890344,0.03092413,0.05098544,0.04993007,0.001695859,0.0005575549,0.004683383,0.004196236,0.1009342,0.1076325,0.2765001,0.1377001,0.0540246,0.05490001,0.01207736,0.1063682
118,0.007659593,0.03454946,0.05602584,0.05407649,0.001786261,0.0005282247,0.004878238,0.004672274,0.1079862,0.1145346,0.2385406,0.1406483,0.0524853,0.06051563,0.01219398,0.1089191
119,0.008541869,0.03902407,0.06212391,0.05730815,0.001877453,0.0004949608,0.005084653,0.005204292,0.1162851,0.1229808,0.1978474,0.1455002,0.0498982,0.06422708,0.01214818,0.1114536
120,0.008528482,0.03956624,0.06206106,0.05347388,0.001797614,0.0004390828,0.004886187,0.005174193,0.1139212,0.1215391,0.1619926,0.1450167,0.06088225,0.08447529,0.01590912,0.120337
121,0.007881607,0.0388045,0.06017954,0.04402241,0.001630347,0.0003924631,0.004502477,0.004815645,0.1048633,0.1197589,0.1346292,0.1464247,0.07922515,0.1000002,0.0219051,0.1309646
122,0.007204115,0.03592309,0.0553922,0.03754367,0.001515942,0.0003774397,0.004277672,0.004475794,0.09697175,0.1144793,0.1357056,0.1520576,0.09102282,0.09545287,0.02550526,0.1420948
123,0.006752782,0.03398492,0.05229471,0.03333795,0.001477438,0.0003885765,0.004234988,0.00431416,0.09239443,0.1127256,0.1523194,0.1587716,0.09263969,0.08401886,0.02577096,0.144574
124,0.006293899,0.03181505,0.04902453,0.03002373,0.001452763,0.0004086113,0.00419931,0.00416398,0.08769079,0.1101724,0.1810374,0.1611543,0.09232336,0.07404677,0.02522863,0.1409645
125,0.005823803,0.02939428,0.04549284,0.02747859,0.001425558,0.0004304564,0.004125406,0.003995487,0.0824627,0.1060236,0.2179638,0.1583781,0.09214668,0.06566871,0.02439542,0.1347945
126,0.005818921,0.02923678,0.0453555,0.02768201,0.001475724,0.0004604793,0.004226656,0.0041302,0.08224367,0.1069691,0.2459744,0.1574591,0.08170099,0.05805519,0.02098518,0.128226
127,0.006246713,0.03127696,0.04843815,0.03011405,0.001592501,0.0004899751,0.004481796,0.004560025,0.08657078,0.1128469,0.2566217,0.1594474,0.06746572,0.05195855,0.0171021,0.1207867
128,0.006884843,0.03448934,0.05312315,0.03332807,0.001721216,0.0005051086,0.004753732,0.005125214,0.09258387,0.1203992,0.2493441,0.161542,0.05776395,0.04994053,0.01466485,0.1138307
129,0.007543052,0.0380245,0.05808956,0.0359653,0.001817503,0.0004972687,0.004934376,0.005677836,0.09810261,0.1271547,0.2296128,0.1622374,0.05368399,0.05329848,0.01386215,0.1094986
130,0.008164924,0.04165957,0.06301272,0.03758493,0.001875213,0.000471036,0.005019536,0.006173455,0.1027688,0.1328929,0.2043235,0.1623969,0.05221181,0.05924137,0.01391642,0.1082869
131,0.008156842,0.04221055,0.06334481,0.03580178,0.001799955,0.0004239597,0.004799494,0.006161727,0.1004179,0.1306123,0.1809953,0.1583913,0.06074742,0.07577171,0.01690402,0.1134611
132,0.007286833,0.03814384,0.05713826,0.03047969,0.001595451,0.000373753,0.004307832,0.005490091,0.0895754,0.1190036,0.1718005,0.1521535,0.08137332,0.09213573,0.02306291,0.1260793
133,0.006363897,0.03127613,0.04727842,0.02759969,0.001455803,0.0004047848,0.004004375,0.004746491,0.08008012,0.1018223,0.2055867,0.1467919,0.09215144,0.08474026,0.02505428,0.1406434
134,0.005655541,0.02767396,0.04241725,0.02483106,0.001377446,0.0004632142,0.003849168,0.004199699,0.07306784,0.09500418,0.249973,0.142636,0.09384087,0.07248396,0.02412729,0.1383996
135,0.005106306,0.0246014,0.03836122,0.02367127,0.001328112,0.0005335016,0.003744181,0.003781911,0.06735089,0.08880673,0.3002562,0.1360074,0.0911594,0.0620198,0.02197782,0.1312939
136,0.0047055,0.02206392,0.03506887,0.02403445,0.001295637,0.0006052765,0.003662186,0.003463176,0.06272021,0.0829853,0.3456034,0.127682,0.08789637,0.05473977,0.01981577,0.1236582
137,0.004658564,0.02110733,0.0340963,0.02700438,0.00132171,0.0006841399,0.003718691,0.003388427,0.06154644,0.08076797,0.3729807,0.1222251,0.08043274,0.05036488,0.01716868,0.118534
138,0.005227072,0.02298377,0.0373413,0.03411716,0.00146357,0.0007827986,0.00406127,0.003748439,0.06668869,0.08598137,0.3728693,0.1240383,0.06585146,0.04560196,0.01371653,0.1155269
139,0.006357145,0.02747984,0.04437132,0.04474486,0.001695409,0.000886076,0.004613502,0.004489153,0.07707969,0.09725816,0.3480337,0.1306569,0.05129334,0.03933268,0.01068372,0.1110246
140,0.007756903,0.03339467,0.0531534,0.05612178,0.001936528,0.0009705504,0.005191368,0.005383336,0.08922897,0.1104589,0.2979587,0.1378529,0.04452617,0.03958486,0.009424119,0.1070568
141,0.009235922,0.04017695,0.06267249,0.06503709,0.002130436,0.0009996796,0.005624789,0.006283611,0.1011667,0.1232238,0.2442687,0.1430201,0.040812,0.0429539,0.009012079,0.1033818
142,0.009489199,0.04195647,0.06429958,0.06295192,0.002047817,0.0009218496,0.00538856,0.006298968,0.1008139,0.1221729,0.1960969,0.1391086,0.0536989,0.07078901,0.01317737,0.1107882
143,0.008470775,0.03805656,0.0577332,0.05224768,0.001773842,0.0008090278,0.004737355,0.005484383,0.08974167,0.1101247,0.1687148,0.13392,0.07721964,0.09832522,0.02058759,0.1320535
144,0.007750555,0.03529334,0.05329944,0.04483151,0.00163204,0.0007843935,0.004462197,0.004945401,0.08326477,0.1044493,0.1682392,0.1382895,0.08689434,0.09475444,0.02346064,0.1476489
145,0.007258995,0.03186546,0.04825446,0.04221842,0.001581983,0.0008353175,0.00438837,0.004550283,0.07986555,0.09743938,0.196922,0.140712,0.08280221,0.08379512,0.0219634,0.1555469
146,0.006360307,0.02791864,0.04272294,0.03650995,0.001473413,0.0008665259,0.004151189,0.003943054,0.07254763,0.09014152,0.2385835,0.1366244,0.08773703,0.07755329,0.02244291,0.1504237
147,0.005907426,0.02574769,0.03983829,0.03458118,0.001439058,0.0009132277,0.004071908,0.003636149,0.06890791,0.0863668,0.2794757,0.1323405,0.08376253,0.06860621,0.02035794,0.1440476
148,0.005790499,0.02490912,0.0389261,0.03556187,0.001457658,0.0009698255,0.004114887,0.003538243,0.0680273,0.08529343,0.3096811,0.1290313,0.07566237,0.06235746,0.01759633,0.1370824
149,0.005927181,0.0251119,0.03949939,0.03864617,0.001508654,0.001026061,0.004232542,0.003584334,0.06910451,0.08614957,0.3235549,0.1267782,0.06834742,0.05956407,0.01539676,0.1315683
150,0.006155355,0.02570655,0.04055164,0.04245053,0.001558888,0.001068457,0.004346079,0.003668501,0.07063086,0.08735646,0.3241723,0.1247511,0.06445488,0.06048795,0.01422957,0.1284109
151,0.006137236,0.02527053,0.03995218,0.04440005,0.001544866,0.001071574,0.004300464,0.003589099,0.06952111,0.0854686,0.3225811,0.1204375,0.06705163,0.06590737,0.01462272,0.1281439
152,0.006885809,0.02818569,0.04425117,0.05113612,0.001673752,0.001132185,0.004610585,0.003955446,0.07564908,0.09204072,0.3074503,0.1240529,0.05748354,0.06063028,0.01252069,0.1283417
153,0.007687957,0.03144347,0.04885514,0.05756103,0.001794739,0.001185804,0.004916678,0.004334515,0.08193489,0.09886005,0.28251,0.1281981,0.05209708,0.06040841,0.01152306,0.1266891
154,0.007948538,0.03263731,0.0501844,0.05852158,0.001791949,0.001168155,0.004910198,0.004389049,0.08295926,0.09989665,0.2563052,0.127888,0.05694848,0.07215615,0.01308679,0.1292082
155,0.007065217,0.02906936,0.04457542,0.05063057,0.001590172,0.001063442,0.004411623,0.00381538,0.07413991,0.09013946,0.251161,0.1213738,0.07597809,0.08831348,0.01815328,0.1385197
156,0.006196694,0.02538705,0.03909019,0.04411223,0.0014377,0.001013588,0.004059428,0.003295023,0.06650088,0.08182668,0.2763127,0.1179749,0.08647276,0.08153689,0.02034609,0.1444372
157,0.006715791,0.03257598,0.04960306,0.03951596,0.001533481,0.001049913,0.004380519,0.003545237,0.07085416,0.1054612,0.2437897,0.1359727,0.08177928,0.07370357,0.01943243,0.1300869
158,0.00673127,0.03256729,0.04915843,0.03900326,0.001536535,0.001033102,0.004425589,0.003563531,0.07019141,0.1065308,0.2476817,0.1433004,0.07820363,0.06922833,0.01898113,0.1278636
159,0.006690745,0.03229633,0.04835121,0.03820886,0.001530307,0.001007108,0.004414909,0.003568193,0.06891804,0.1063119,0.2496478,0.1467942,0.0786858,0.06775003,0.01936398,0.1264605
160,0.006658305,0.03206267,0.04764039,0.03754685,0.001528867,0.0009849122,0.004401912,0.003585058,0.0677389,0.1059707,0.2524326,0.1488044,0.07920895,0.06601585,0.01961286,0.1258067
161,0.006826795,0.03282546,0.0483693,0.03804495,0.001564762,0.0009802268,0.004477152,0.003715178,0.06830584,0.1079596,0.2529859,0.1517952,0.07549759,0.06308118,0.01875734,0.1248135
162,0.007045625,0.03386868,0.04947051,0.03873979,0.001604745,0.0009752241,0.00455657,0.003871311,0.06918398,0.1102653,0.25032,0.1542017,0.07233337,0.06213452,0.0180964,0.1233324
163,0.007158358,0.03444278,0.04988332,0.03868986,0.001618219,0.0009565072,0.004563817,0.003961764,0.06904652,0.1109863,0.2459502,0.1547442,0.07278959,0.06394932,0.01838994,0.1228694
164,0.007526794,0.03635766,0.0521219,0.03974477,0.001671562,0.0009515192,0.004671097,0.00418947,0.07098428,0.114761,0.2379781,0.1577054,0.06848042,0.06275054,0.01749728,0.1226083
165,0.007768318,0.03773747,0.05356727,0.03986706,0.001693695,0.0009324607,0.004701669,0.004337786,0.07176233,0.1168629,0.2288169,0.1591699,0.06776939,0.06507943,0.01761451,0.122319
166,0.008132946,0.03985602,0.05596354,0.04025802,0.001729017,0.0009150142,0.004765042,0.004547884,0.07345948,0.1203987,0.216981,0.1617971,0.06534722,0.06595548,0.01731681,0.1225768
167,0.00808849,0.04001248,0.05569065,0.03846545,0.001690123,0.0008722533,0.004650391,0.00452037,0.0719272,0.1192474,0.2075655,0.1611486,0.07033391,0.07214808,0.01904723,0.1245919
168,0.008386504,0.04198768,0.05786977,0.03815754,0.001711913,0.0008539431,0.004692441,0.004688251,0.07319525,0.1225669,0.1982394,0.1646809,0.06736686,0.07064479,0.01853865,0.1264193
169,0.00729264,0.03236404,0.04487282,0.03671207,0.001539403,0.0008115316,0.004237897,0.004079189,0.06469516,0.09683675,0.2384347,0.1486047,0.08011091,0.07678287,0.02136949,0.1412559
170,0.006447551,0.02859536,0.04006145,0.03261196,0.001425043,0.000805665,0.003956166,0.003605542,0.05847635,0.08871584,0.2743565,0.1387923,0.08778284,0.07091504,0.02222175,0.1412306
171,0.005813019,0.02551112,0.03625103,0.03071739,0.001351762,0.0008208037,0.003779933,0.003249013,0.05377201,0.0822905,0.3207104,0.1304584,0.08698349,0.06156718,0.02072177,0.1360022
172,0.005338022,0.02293058,0.03312896,0.03074935,0.001300114,0.0008409084,0.003651452,0.002971787,0.04999288,0.07659099,0.3645795,0.1219661,0.08389688,0.05436743,0.01877004,0.128925
173,0.005694005,0.02391713,0.03482788,0.03630885,0.001391373,0.0009098026,0.003875727,0.003148971,0.0523548,0.07934847,0.3790586,0.1218256,0.06957716,0.04807051,0.01499012,0.1247009
174,0.006229118,0.02562985,0.03740335,0.04361881,0.001497615,0.0009755933,0.004140568,0.003404769,0.05567572,0.08322611,0.3727524,0.1226235,0.06133264,0.04759566,0.0129756,0.1209187
175,0.007237384,0.02949683,0.04270111,0.05338972,0.001664384,0.001045218,0.004543553,0.003898061,0.06212684,0.09141876,0.3459279,0.1271105,0.05295774,0.04651418,0.01123256,0.1187353
176,0.008587879,0.0350715,0.04998138,0.06390949,0.001856754,0.001104944,0.005005028,0.004544975,0.07057165,0.1023129,0.3050402,0.1334746,0.04622232,0.04611062,0.01000308,0.1162028
177,0.009885498,0.04085825,0.05709623,0.07135554,0.001995504,0.001121192,0.005331634,0.005123779,0.07811484,0.1119916,0.2572727,0.1383615,0.04441902,0.0517567,0.01005823,0.1152577
178,0.01036392,0.04362031,0.05983305,0.07046667,0.001967238,0.00105789,0.005249372,0.005242506,0.07976588,0.114012,0.2135713,0.138214,0.05187334,0.07048276,0.0127641,0.1215157
179,0.009751301,0.0418469,0.0566524,0.06161778,0.00178513,0.0009515881,0.004817545,0.004815033,0.07458498,0.1076913,0.1842014,0.1358713,0.06763549,0.09271354,0.0179972,0.137067
180,0.009228056,0.04036096,0.05416399,0.05427881,0.001670478,0.000905289,0.004589945,0.004486567,0.07103322,0.1045004,0.1731393,0.1398189,0.07524375,0.09518121,0.0206311,0.150768
181,0.00777286,0.03201587,0.0432717,0.04742855,0.001476563,0.0008581199,0.004177286,0.003655314,0.06243926,0.0872916,0.2128345,0.1338003,0.08465989,0.09026455,0.02265768,0.165396
182,0.006573658,0.02712543,0.03721735,0.03971718,0.001343508,0.0008478307,0.0038938,0.00302725,0.05557813,0.07907143,0.267502,0.1277607,0.08978637,0.07762828,0.02266799,0.1602591
183,0.006037381,0.02470393,0.03444606,0.0379191,0.001310241,0.0008723025,0.003836476,0.002744371,0.05276028,0.07550751,0.3193968,0.1227571,0.0819008,0.06557842,0.01934776,0.1508815
184,0.005258162,0.02101868,0.0299914,0.0362654,0.001219911,0.0008631702,0.003606514,0.002355533,0.04757174,0.06793476,0.3755475,0.1116279,0.08145245,0.05869215,0.0178396,0.1387551
185,0.004630648,0.01780905,0.02608532,0.03719063,0.001134554,0.0008444136,0.003371185,0.00202808,0.04294413,0.06039952,0.4262308,0.09962248,0.08112575,0.05115239,0.01636149,0.1290696
186,0.004622223,0.01694467,0.0252989,0.04519159,0.001147661,0.0008669031,0.00340029,0.001963968,0.04262191,0.05817658,0.4506502,0.09367117,0.07187983,0.04565179,0.01361682,0.1242955
187,0.005174512,0.01813584,0.02721484,0.06085642,0.001249516,0.0009255155,0.00367387,0.002123953,0.04619014,0.06071613,0.4457655,0.09336326,0.05938082,0.04191153,0.01091424,0.1224039
188,0.006402898,0.02182446,0.03229304,0.08425134,0.00144913,0.001011077,0.004202205,0.002537161,0.05423693,0.06863017,0.4128414,0.09825791,0.04657215,0.03640144,0.008531259,0.1205574
189,0.007990249,0.02686491,0.03874931,0.1104109,0.00167665,0.001104132,0.004834569,0.003053519,0.06426523,0.07864653,0.3471844,0.1054338,0.04232838,0.03874671,0.00784422,0.1208665
190,0.008952618,0.03012398,0.04219383,0.1210592,0.001757018,0.001101975,0.005063092,0.0032929,0.06959065,0.08330533,0.2895266,0.1077799,0.04762604,0.05362708,0.009370319,0.1256292
191,0.009769714,0.03323696,0.04512968,0.1239556,0.001802968,0.001081044,0.005206533,0.003462587,0.07417427,0.08755609,0.2401415,0.1113388,0.05139782,0.06556611,0.0108721,0.1353083
192,0.009775785,0.03374673,0.04467202,0.1142204,0.001739426,0.001030628,0.005078906,0.003351521,0.07405049,0.08718874,0.2052426,0.1141711,0.06096534,0.08132365,0.01396375,0.149479
193,0.01003,0.03955993,0.05098385,0.09135374,0.001717351,0.001043356,0.005123501,0.00331626,0.07576466,0.1016202,0.1574533,0.1290813,0.07340281,0.09335937,0.01842099,0.1477693
194,0.009930342,0.03997792,0.05040005,0.08207666,0.001672041,0.001047379,0.005082037,0.003223988,0.07546242,0.1033438,0.1421577,0.1405375,0.07637529,0.09135474,0.02009266,0.1572656
195,0.009574505,0.0393324,0.04878074,0.0720922,0.001623162,0.0010555,0.005010691,0.003103073,0.07389886,0.1038172,0.1382461,0.1501015,0.08060364,0.08922246,0.0218823,0.1616555
196,0.008883331,0.03717424,0.0456463,0.06143572,0.001554287,0.001056551,0.004854497,0.002916635,0.07036776,0.1017157,0.1469342,0.155724,0.08837703,0.08561824,0.02431728,0.1634243
197,0.008186561,0.034799,0.04253612,0.05276516,0.0015048,0.001068278,0.004724584,0.002759965,0.06691798,0.09937561,0.1695495,0.1586259,0.09298992,0.07707836,0.02540505,0.1617132
198,0.008179029,0.03527737,0.04290525,0.04988992,0.001556523,0.001120544,0.004854827,0.002854565,0.06798876,0.1027677,0.1914183,0.1633471,0.08274148,0.06686774,0.0223496,0.1558813
199,0.008380117,0.03665308,0.04434415,0.04891781,0.00162787,0.001168218,0.005022198,0.003024236,0.07011016,0.1072598,0.2070252,0.1663242,0.07245395,0.06125817,0.01950465,0.1469262
200,0.009162501,0.04079003,0.04889252,0.05106129,0.001759817,0.001220837,0.005337386,0.003388295,0.07582393,0.1164411,0.2068339,0.1713737,0.05957962,0.0548405,0.01615849,0.137336
201,0.009587577,0.04352814,0.05170842,0.05080528,0.001805363,0.001214154,0.005413152,0.00359134,0.0784476,0.1210811,0.1972367,0.1710499,0.05779674,0.05997327,0.01600722,0.1307541
202,0.009273694,0.0429826,0.05074567,0.04639824,0.001718189,0.001132675,0.005125361,0.003483624,0.07559142,0.1178674,0.1883707,0.1647908,0.06690824,0.07449631,0.01898095,0.1321341
203,0.008424665,0.03977405,0.04690979,0.03996651,0.001568404,0.001040726,0.004699139,0.003169748,0.06931919,0.1101976,0.191641,0.1582453,0.08005271,0.08330689,0.02272404,0.1389602
204,0.007913846,0.0379512,0.04483186,0.03607854,0.001497983,0.001009741,0.004514307,0.003003076,0.06587619,0.1070394,0.2068113,0.1573976,0.08200594,0.07889068,0.02287282,0.1423055
205,0.006965454,0.03244222,0.03873947,0.03255696,0.001390469,0.0009792752,0.004203176,0.002746539,0.05956471,0.09540957,0.2490007,0.1492641,0.08621242,0.07382881,0.0230413,0.1436548
206,0.006073956,0.02825192,0.03428168,0.02903535,0.001295602,0.0009602144,0.003925507,0.002487788,0.05347897,0.08742322,0.2959716,0.1400426,0.09038106,0.06578765,0.02269335,0.1379096
207,0.005492871,0.02524531,0.03121216,0.02799702,0.001247621,0.000965116,0.003770575,0.002330201,0.04936242,0.08168025,0.3424342,0.1317104,0.08811656,0.05703711,0.02067213,0.1307261
208,0.005315831,0.02394399,0.03012572,0.02988811,0.001260324,0.0009985382,0.003779122,0.002319681,0.04796033,0.07950911,0.3736307,0.1263854,0.08079092,0.05158287,0.01791608,0.1245932
209,0.005297469,0.02326626,0.029724,0.03341304,0.001288526,0.001034547,0.003830932,0.002353866,0.047467,0.07829862,0.3894474,0.1219052,0.07594095,0.05022983,0.01613441,0.1203679
210,0.005628872,0.02414962,0.03111442,0.03952698,0.001368319,0.001092497,0.004024994,0.002524563,0.04939282,0.08059846,0.3867253,0.1212795,0.06929687,0.04979631,0.01436932,0.1191112
211,0.006649499,0.02818255,0.03617905,0.05006371,0.001558532,0.001198229,0.00450972,0.002992858,0.05615993,0.09017434,0.3636651,0.1276827,0.05650539,0.04504116,0.01170921,0.1177281
212,0.008074489,0.03420785,0.04337906,0.06241888,0.001788978,0.001309696,0.005104219,0.003622819,0.0653465,0.1032449,0.3201554,0.1364505,0.04751636,0.04261947,0.009999868,0.1147612
213,0.009599106,0.04116808,0.05126523,0.07260939,0.001985784,0.001374677,0.00560274,0.004263106,0.07464706,0.1163572,0.2660059,0.1438325,0.043756,0.04584729,0.009586562,0.1120995
214,0.01071525,0.04695721,0.05733368,0.07640649,0.002064217,0.001354087,0.005786039,0.004677752,0.08075789,0.1248174,0.2134127,0.1470758,0.046087,0.05805113,0.01092124,0.113582
215,0.01110032,0.04996595,0.05993504,0.07296931,0.002006461,0.001264161,0.005630017,0.004744038,0.08206309,0.1267747,0.1681737,0.1474977,0.05369602,0.07754181,0.01405049,0.1225872
216,0.009729867,0.04491493,0.05341773,0.05854445,0.001718463,0.001091902,0.004909622,0.004074864,0.0725568,0.1141971,0.1424598,0.1432953,0.0784115,0.1056863,0.02230304,0.1426884
217,0.008062481,0.03587075,0.04292715,0.04801844,0.001485688,0.000956068,0.004380737,0.003354931,0.0630528,0.0963278,0.1681714,0.1415464,0.09542492,0.09801411,0.02684075,0.1655656
218,0.006714059,0.03016463,0.03668521,0.03860957,0.00134549,0.0009027767,0.004069715,0.002830241,0.05587218,0.08765719,0.2256741,0.1398632,0.1013565,0.07857781,0.02705741,0.1626199
219,0.005644808,0.02523929,0.03142023,0.03324286,0.001246521,0.0008728711,0.003815897,0.002439956,0.04980144,0.07934476,0.3046421,0.1317215,0.09740628,0.06048313,0.02400129,0.1486772
220,0.004912316,0.02148186,0.02748944,0.03181445,0.001180435,0.0008518142,0.003615895,0.00217307,0.04518009,0.07196354,0.3759636,0.1202144,0.09028448,0.04902885,0.02028522,0.1335606
