"<HEADER software/>"
EwEVersion,"6.7.0.17868 (compiled 5/31/2022)"
Date,"7/27/2023 4:35:40 PM"
"<HEADER ecopath/>"
ModelName,1
"<HEADER ecosim/>"
EcosimScenario,spa_01_adjTry3
TimeSeries,TS_updated_IB13
StartYear,1980
"<HEADER end/>"

Data,"Prey of Crab"

timestep\group,"Reef invertebrate feeders","Coastal omnivores",Sardine-herring-scad,Anchovy-silverside-killifish,Mullet,Cephalopod,"Pink shrimp","Brown shrimp","White shrimp",Crab,"Mobile epifauna",Infauna,Algae,Detritus,
1,0.0005412034,0.0004805164,0.005308556,0.004354856,0.0001700056,0.0002060875,0.0006394685,0.0001082116,0.001577542,0.001914331,0.2007518,0.5654507,0.0001072825,0.2183895
2,0.0005159672,0.0004594951,0.005083786,0.004240629,0.0001626469,0.00020646,0.0006438596,0.0001127585,0.001582014,0.001751907,0.1940434,0.5673535,0.0001258738,0.2237177
3,0.0004708148,0.000420068,0.004670807,0.004002847,0.0001491186,0.0002064902,0.0006396114,0.0001182966,0.001573093,0.001537203,0.1858123,0.5680384,0.0001566742,0.2322043
4,0.0004629411,0.0004126262,0.004637855,0.004071785,0.0001463199,0.0002368881,0.0006695545,0.0001268493,0.001635785,0.001459257,0.1876121,0.5680124,0.0001539088,0.2303618
5,0.0004798404,0.000426662,0.004860673,0.004337369,0.0001505355,0.0002926605,0.0007178584,0.0001360987,0.001738241,0.001464947,0.1947721,0.5681648,0.0001361519,0.2223221
6,0.0005281104,0.0004687093,0.005396208,0.004811738,0.0001638468,0.0003675659,0.0007811878,0.0001436413,0.001867621,0.001562741,0.2055428,0.5699279,0.0001095647,0.2083283
7,0.0005949403,0.0005280707,0.006110292,0.00536638,0.0001824179,0.000443096,0.00084406,0.0001487501,0.001997326,0.001704835,0.2156851,0.5742629,8.977985E-05,0.1920421
8,0.0006539252,0.0005824806,0.006725614,0.005771413,0.000198793,0.0004879297,0.0008800878,0.0001493525,0.002073776,0.001810327,0.2193751,0.5795928,8.454164E-05,0.1816139
9,0.0007185739,0.000644425,0.007373468,0.006140225,0.0002173104,0.0005068255,0.0009025137,0.0001457359,0.002114642,0.001914755,0.2201289,0.5874889,7.625312E-05,0.1716275
10,0.0007755456,0.0007019522,0.00792517,0.006392921,0.000233915,0.0005003742,0.0009045496,0.0001394814,0.002115427,0.001985902,0.216966,0.5987344,6.978497E-05,0.1625545
11,0.0007903376,0.0007236667,0.008035098,0.00630156,0.0002386677,0.0004560451,0.0008643367,0.00012952,0.002030446,0.001943273,0.2055068,0.6104978,7.445687E-05,0.1624081
12,0.0008662874,0.0008032005,0.008750407,0.006647774,0.0002617429,0.000440129,0.0008641147,0.0001207657,0.002015348,0.002042185,0.203475,0.6264318,5.486185E-05,0.1472263
13,0.0008281117,0.0007778217,0.008320286,0.00616039,0.0002504406,0.0003693591,0.0007702086,0.0001048694,0.001821063,0.001871136,0.1749555,0.6667998,6.245597E-05,0.1369087
14,0.0007230789,0.0006885324,0.007225047,0.00527074,0.0002202472,0.0002817981,0.0006472224,8.814671E-05,0.001557039,0.001568649,0.1496502,0.6805218,8.624398E-05,0.1514712
15,0.0006405687,0.0006166613,0.0063667,0.004602976,0.0001964339,0.0002193008,0.0005655456,7.803905E-05,0.001382961,0.001351336,0.1325977,0.6993729,8.403083E-05,0.1519248
16,0.0005327617,0.0005169275,0.005267833,0.003825077,0.0001652452,0.000161365,0.0004915787,7.177429E-05,0.001225793,0.001108295,0.1165357,0.7183931,9.64609E-05,0.1516081
17,0.0004347302,0.0004230065,0.004276832,0.00316179,0.0001368128,0.0001182122,0.0004451633,7.063563E-05,0.001124054,0.0009083123,0.1052675,0.7315496,0.0001159844,0.1519673
18,0.0003928344,0.0003812023,0.003847887,0.002910053,0.0001248198,9.922389E-05,0.0004496589,7.522541E-05,0.001126293,0.000840447,0.1044974,0.7377564,0.0001120421,0.1473866
19,0.0003865992,0.0003726999,0.003775148,0.00292398,0.0001232173,9.521516E-05,0.0004842155,8.235859E-05,0.00118922,0.0008538799,0.1102715,0.7379975,9.931838E-05,0.1413451
20,0.000412353,0.0003945106,0.004018108,0.003168692,0.0001308987,0.0001023648,0.0005372718,8.902228E-05,0.001284513,0.0009360418,0.1202339,0.7357396,8.078098E-05,0.1328719
21,0.0004565911,0.0004339807,0.004441019,0.003543154,0.0001438017,0.00011535,0.0005934427,9.373901E-05,0.001383049,0.001053326,0.1311061,0.7333876,6.608428E-05,0.1231828
22,0.0004819153,0.0004562054,0.004677825,0.003776154,0.0001509883,0.0001231338,0.0006202753,9.499978E-05,0.001425567,0.001115669,0.1363296,0.7270303,7.322816E-05,0.1236441
23,0.0005112067,0.0004831187,0.004948832,0.004023395,0.0001593755,0.0001294374,0.0006374146,9.3534E-05,0.001445966,0.001177729,0.1398548,0.7225587,7.07166E-05,0.1239059
24,0.0004998856,0.0004723215,0.004824938,0.003970213,0.000155851,0.0001247808,0.000616936,9.015932E-05,0.001401233,0.001140556,0.1360295,0.7174166,8.662368E-05,0.1331703
25,0.0004302811,0.0004051163,0.004125978,0.003405476,0.0001345605,0.00010307,0.0005184315,7.56253E-05,0.001189771,0.0009693445,0.1069962,0.7629166,8.981024E-05,0.1186398
26,0.0004007241,0.0003751775,0.003818078,0.003171556,0.0001258004,9.296581E-05,0.0004829284,7.153712E-05,0.001120597,0.0008992038,0.101492,0.7666021,9.287163E-05,0.1212545
27,0.0003784606,0.0003515633,0.003583894,0.003004046,0.0001192634,8.62314E-05,0.000464477,7.037011E-05,0.001086125,0.0008529763,0.09871893,0.7696963,9.400078E-05,0.1214934
28,0.0003772016,0.0003470975,0.00355226,0.003000113,0.0001188891,8.536127E-05,0.0004685101,7.135644E-05,0.001093526,0.0008592685,0.1000217,0.77149,8.522765E-05,0.1184294
29,0.0003730983,0.0003398657,0.003495668,0.002980681,0.0001177161,8.462883E-05,0.0004734031,7.295806E-05,0.001102981,0.0008601248,0.1013001,0.7705032,8.81305E-05,0.1182074
30,0.0003830275,0.0003453796,0.003572644,0.003067211,0.000120638,8.721255E-05,0.0004890431,7.483447E-05,0.001129703,0.0008937209,0.1046122,0.7681717,8.267361E-05,0.11697
31,0.0004079845,0.0003643802,0.003790256,0.003263267,0.0001279033,9.270465E-05,0.0005134775,7.650215E-05,0.001170619,0.000961422,0.1097254,0.7675131,7.023117E-05,0.1119227
32,0.0004377325,0.0003878039,0.004051399,0.003488212,0.0001364938,9.806923E-05,0.0005351772,7.702393E-05,0.001204971,0.001036566,0.1144467,0.7672584,6.240709E-05,0.106779
33,0.0004773351,0.0004204203,0.00440209,0.003775855,0.0001479238,0.0001034156,0.000554913,7.583321E-05,0.001231344,0.001128725,0.1189651,0.7681128,5.345604E-05,0.1005508
34,0.0005110857,0.000448546,0.004696433,0.00400894,0.0001576049,0.0001054197,0.0005602697,7.276238E-05,0.001230654,0.001199062,0.1209156,0.7690426,5.067074E-05,0.09700029
35,0.0004844774,0.0004245986,0.004434915,0.003791642,0.0001499319,9.427348E-05,0.0005153341,6.629282E-05,0.001138037,0.001121058,0.1129752,0.764369,7.790136E-05,0.1103574
36,0.0004362047,0.0003811669,0.003977213,0.003422321,0.0001358518,8.078086E-05,0.0004660714,6.157914E-05,0.001046118,0.001000907,0.1036122,0.7630063,9.438337E-05,0.1222789
37,0.0004206057,0.000366466,0.003835655,0.003390514,0.0001323379,7.826323E-05,0.0004886647,7.07899E-05,0.001111301,0.0009741707,0.1161469,0.7229789,0.0001168623,0.1498885
38,0.0003978658,0.0003446295,0.003635211,0.003312224,0.0001259886,7.890244E-05,0.0005042251,7.876171E-05,0.00115214,0.0009354903,0.1178684,0.718895,0.0001216371,0.1525496
39,0.0003838665,0.0003299219,0.003523094,0.003325067,0.0001219976,8.685737E-05,0.0005330961,8.903608E-05,0.001220185,0.0009168415,0.1224968,0.7106193,0.0001324954,0.1562215
40,0.0003798913,0.000323638,0.003513282,0.00344079,0.0001207245,0.0001049606,0.0005726962,0.0001006276,0.001308584,0.0009185772,0.1296088,0.6979337,0.0001446379,0.1615291
41,0.0003874198,0.0003270224,0.003621885,0.003670704,0.0001225614,0.0001381006,0.0006216008,0.0001127308,0.00141477,0.0009439129,0.1390549,0.6829212,0.0001503889,0.1665129
42,0.0004231998,0.0003540296,0.004003841,0.004132842,0.0001323728,0.0001950461,0.0006874211,0.0001237487,0.00154885,0.00103505,0.1524164,0.6697681,0.0001284797,0.1650506
43,0.0004892955,0.0004064599,0.004672698,0.004808462,0.0001508384,0.0002701899,0.0007657136,0.0001320207,0.001698642,0.001194168,0.1681631,0.6629795,9.557505E-05,0.1541733
44,0.0005805094,0.0004802094,0.00557632,0.00562102,0.0001762138,0.0003524621,0.0008453788,0.0001374971,0.00185129,0.001404133,0.1836672,0.6614047,6.974611E-05,0.1378333
45,0.0006814894,0.0005640083,0.006557807,0.006402066,0.0002044943,0.0004166164,0.0009050612,0.0001377346,0.001961635,0.001618428,0.194757,0.6631527,5.758204E-05,0.1225834
46,0.0007345184,0.0006112705,0.00706231,0.006673948,0.0002194609,0.0004251431,0.0008948832,0.0001298113,0.001937062,0.001697572,0.1922,0.6619807,7.088203E-05,0.1253623
47,0.000661108,0.0005553754,0.006346267,0.005873652,0.0001988101,0.0003501371,0.000774259,0.0001134219,0.001703028,0.001481286,0.1681984,0.6577035,0.0001182685,0.1559225
48,0.0006006618,0.0005080523,0.005758964,0.005241059,0.0001816249,0.0002907091,0.0006953332,0.000104985,0.001560151,0.001321121,0.1522247,0.6652033,0.0001169873,0.1661924
49,0.0005215428,0.000442319,0.004987799,0.004452005,0.0001584793,0.0002291165,0.0005938144,8.874237E-05,0.001358266,0.001124403,0.1211536,0.7281498,9.674855E-05,0.1366435
50,0.0004754289,0.0004034088,0.004537012,0.003997534,0.0001454469,0.0001901308,0.0005472727,8.225654E-05,0.001271534,0.001016797,0.1130688,0.7415798,9.831627E-05,0.1325863
51,0.0004395652,0.0003723575,0.004187162,0.003660321,0.0001354641,0.0001610539,0.0005203792,7.885435E-05,0.001218728,0.0009420593,0.1081706,0.7493089,0.0001018196,0.1307027
52,0.0004147575,0.0003500016,0.003945532,0.003438296,0.0001287227,0.0001410264,0.0005115021,7.819319E-05,0.001199241,0.0008984906,0.1063357,0.753556,0.0001034512,0.128899
53,0.0004063487,0.0003410137,0.003862676,0.00336308,0.0001267349,0.0001304134,0.0005207803,7.948745E-05,0.001213312,0.0008946882,0.1078095,0.7548109,9.949372E-05,0.1263416
54,0.0004190715,0.0003495017,0.003983035,0.003459556,0.0001308521,0.0001287387,0.0005465669,8.15032E-05,0.001256836,0.0009384619,0.1124768,0.754621,8.717938E-05,0.1215208
55,0.0004552504,0.0003775467,0.004327636,0.003733182,0.0001417613,0.0001341925,0.000584532,8.27976E-05,0.001319571,0.001031872,0.1195787,0.7554238,6.910833E-05,0.1127401
56,0.0005108609,0.0004220986,0.004857119,0.00414279,0.0001582979,0.0001432921,0.0006256418,8.232761E-05,0.001384325,0.001161431,0.1274288,0.7578654,5.288423E-05,0.1011647
57,0.0005508224,0.0004546908,0.005236923,0.004419101,0.0001702519,0.000145304,0.0006388802,7.892975E-05,0.001397264,0.001243396,0.1303634,0.7577119,5.447738E-05,0.09753472
58,0.0005475422,0.0004527975,0.005204101,0.004362971,0.0001697496,0.0001341148,0.0006074788,7.205165E-05,0.001325061,0.001217399,0.1251419,0.7538235,7.268888E-05,0.1068686
59,0.0005213107,0.0004319033,0.004952468,0.004140232,0.0001624315,0.0001186325,0.0005629793,6.580601E-05,0.001236069,0.001143048,0.1174536,0.7527077,8.203904E-05,0.1164218
60,0.0004807376,0.0003986065,0.004564537,0.003825722,0.0001508936,0.0001025194,0.0005193677,6.163965E-05,0.001154934,0.001045372,0.1097253,0.7560423,8.988217E-05,0.1218382
61,0.0004670555,0.0003872799,0.004440498,0.003754213,0.0001479176,9.537557E-05,0.0005174076,6.588145E-05,0.001158052,0.001029997,0.1131028,0.7438094,9.288557E-05,0.1309313
62,0.0004311267,0.0003569426,0.004105436,0.003525438,0.0001379794,8.64703E-05,0.000503737,6.990519E-05,0.00113796,0.0009678174,0.1104664,0.7431107,0.000106092,0.134994
63,0.0004123974,0.0003402861,0.003936274,0.003441186,0.00013301,8.409567E-05,0.0005095671,7.589888E-05,0.001154184,0.0009458042,0.1114764,0.7399172,0.0001107559,0.1374629
64,0.0004129449,0.0003391325,0.003954214,0.003517595,0.0001336879,8.8537E-05,0.0005333364,8.322144E-05,0.001203483,0.0009684004,0.1160993,0.73555,0.0001054481,0.1370106
65,0.0004318806,0.0003528873,0.004151053,0.003742189,0.0001397947,9.881377E-05,0.0005690148,9.044765E-05,0.001272706,0.001032616,0.1232694,0.7307768,9.404471E-05,0.1339783
66,0.0004705812,0.0003828534,0.004539093,0.004116274,0.0001518435,0.00011343,0.0006121196,9.621275E-05,0.001351104,0.001140454,0.1321217,0.7275407,7.799017E-05,0.1272857
67,0.0005234988,0.0004248068,0.00506351,0.004586271,0.0001682319,0.0001289529,0.0006539071,9.963266E-05,0.001423242,0.00127622,0.1409132,0.7264032,6.390744E-05,0.1182715
68,0.0005742691,0.0004659299,0.00556452,0.005013333,0.0001840734,0.0001396669,0.0006785922,9.978293E-05,0.001462304,0.001397067,0.1465781,0.7255763,5.852493E-05,0.1122075
69,0.0006034327,0.0004907625,0.005852319,0.005241375,0.000193561,0.0001406256,0.0006726579,9.598616E-05,0.001443414,0.00145476,0.1464289,0.7237548,6.284971E-05,0.1135645
70,0.0005763474,0.0004706389,0.005590978,0.005002269,0.0001860052,0.0001266808,0.0006202955,8.861658E-05,0.001342322,0.001372204,0.1370539,0.7204245,8.361888E-05,0.1270615
71,0.000508972,0.0004168988,0.004936615,0.004445041,0.0001659234,0.0001056929,0.0005518288,8.219888E-05,0.001219306,0.001202237,0.123844,0.721221,0.0001054679,0.1411948
72,0.0004877257,0.0003995961,0.004729982,0.004280645,0.0001599275,9.668471E-05,0.0005320713,8.114707E-05,0.001187371,0.001155214,0.1202401,0.7275907,9.168349E-05,0.1389671
73,0.0004574844,0.0003743095,0.004438609,0.00406302,0.0001508349,8.805265E-05,0.0005183548,8.162201E-05,0.00116612,0.001095683,0.1180064,0.7309842,9.484416E-05,0.1384805
74,0.0004392642,0.0003583528,0.004264046,0.003951942,0.0001453905,8.321212E-05,0.0005169103,8.310485E-05,0.001163619,0.001067467,0.1175098,0.7319,9.671613E-05,0.1384201
75,0.0004321672,0.0003510706,0.004198261,0.003941878,0.0001433211,8.195456E-05,0.0005268003,8.578321E-05,0.001181573,0.001067503,0.1192842,0.7309558,9.514917E-05,0.1376545
76,0.0004344516,0.0003511728,0.004224672,0.004016644,0.0001440811,8.36647E-05,0.0005440899,8.895838E-05,0.001212436,0.001090069,0.1226196,0.7285089,9.223467E-05,0.1365891
77,0.000433188,0.0003483901,0.004217618,0.004065584,0.0001436611,8.579603E-05,0.0005576288,9.186318E-05,0.001236955,0.00110092,0.1252106,0.7238644,9.721025E-05,0.1385461
78,0.0004508284,0.0003606943,0.004395805,0.004277188,0.000149039,9.221543E-05,0.00058271,9.477984E-05,0.001279824,0.001157853,0.1303193,0.7199908,8.815792E-05,0.1367607
79,0.000494114,0.0003934686,0.004824067,0.004704942,0.0001623314,0.000103075,0.0006208281,9.705748E-05,0.001341518,0.001277002,0.1382903,0.7202798,6.869649E-05,0.1273427
80,0.0005490938,0.0004357897,0.005365261,0.005218494,0.0001790814,0.0001145852,0.0006562775,9.77714E-05,0.001397975,0.001418986,0.1459483,0.7222535,5.556706E-05,0.1163094
81,0.0005432979,0.0004310592,0.005309369,0.005175016,0.0001771769,0.0001111175,0.0006306538,9.284805E-05,0.00134503,0.001391732,0.1413487,0.7165048,8.222608E-05,0.1268569
82,0.00051151,0.0004057435,0.004997604,0.004895212,0.0001671842,0.0001021432,0.0005879479,8.746938E-05,0.001266127,0.001298852,0.1330072,0.711861,9.831935E-05,0.1407136
83,0.0004723275,0.0003740954,0.004614088,0.004564709,0.0001549419,9.359956E-05,0.0005531801,8.51131E-05,0.001208681,0.001194564,0.126,0.7132274,0.000107407,0.1473499
84,0.0004611952,0.0003639917,0.00450641,0.004498454,0.0001513196,9.24542E-05,0.0005491394,8.618369E-05,0.00120729,0.001169252,0.1252146,0.7161372,9.834189E-05,0.1454641
85,0.0004557981,0.0003581848,0.00445484,0.004495208,0.0001495889,9.41756E-05,0.0005545462,8.480344E-05,0.001222445,0.001118297,0.1255795,0.7193325,9.46347E-05,0.1420055
86,0.0004364388,0.0003415482,0.004269055,0.004369072,0.0001434934,9.432976E-05,0.0005499276,8.366504E-05,0.001218345,0.001039752,0.1227972,0.7214997,0.0001071898,0.1430502
87,0.0004296827,0.0003346772,0.004209718,0.004364759,0.0001412288,9.893609E-05,0.0005573707,8.405253E-05,0.001235274,0.0009984975,0.122615,0.721813,0.0001084712,0.1430093
88,0.0004444301,0.0003443543,0.004363794,0.00456129,0.0001455293,0.0001099302,0.0005812581,8.537579E-05,0.001280436,0.001010994,0.1260002,0.7233904,9.484539E-05,0.137587
89,0.0004685198,0.000361265,0.004610884,0.004835731,0.0001526305,0.0001234815,0.0006077691,8.629433E-05,0.001329436,0.001043457,0.1301152,0.7252607,8.396898E-05,0.1309207
90,0.0005027253,0.0003862017,0.004956459,0.005182836,0.0001628582,0.0001376375,0.0006329435,8.558969E-05,0.0013716,0.001093338,0.1341542,0.72746,7.378862E-05,0.1237998
91,0.000562026,0.0004307936,0.005545939,0.005734066,0.0001808914,0.0001540822,0.0006648405,8.286188E-05,0.001417217,0.001187916,0.1396411,0.733077,5.604973E-05,0.1112652
92,0.0006210201,0.0004758195,0.006128861,0.0062434,0.0001987291,0.000165885,0.0006819303,7.856649E-05,0.001439288,0.001269137,0.1425897,0.7398662,4.727619E-05,0.1001942
93,0.0006888224,0.0005289307,0.006793087,0.006796789,0.0002195077,0.0001735809,0.0006887256,7.188414E-05,0.001435252,0.00135108,0.1439245,0.7475119,3.931195E-05,0.0897766
94,0.0007202803,0.0005557122,0.007094534,0.006984381,0.0002293184,0.0001679528,0.0006570247,6.307568E-05,0.001363883,0.001348183,0.138412,0.7530844,4.380993E-05,0.0892755
95,0.0006785136,0.0005269137,0.006672103,0.00649721,0.0002168631,0.0001447156,0.0005760952,5.25977E-05,0.001206774,0.001209441,0.1236727,0.756063,6.156064E-05,0.1024215
96,0.0005495519,0.0004292223,0.005392728,0.005250256,0.0001774853,0.0001075627,0.0004618693,4.343827E-05,0.001000086,0.0009407001,0.1017688,0.7635074,9.114022E-05,0.1202798
97,0.0004595961,0.000360934,0.004520472,0.004534204,0.0001508908,8.643137E-05,0.0004429162,4.966179E-05,0.001000053,0.0007710274,0.1038957,0.7327693,0.0001305559,0.1508283
98,0.0004021156,0.0003158304,0.003975192,0.004135112,0.0001333432,7.943015E-05,0.0004509453,5.858935E-05,0.001034441,0.0006790045,0.1019945,0.7381947,0.0001343912,0.1484124
99,0.0003800575,0.000297524,0.003794099,0.004120039,0.0001263603,8.886174E-05,0.000493124,7.126204E-05,0.001133225,0.0006544479,0.1075423,0.7335054,0.0001385304,0.1476547
100,0.0004124656,0.0003211222,0.004166399,0.004643381,0.000136033,0.0001203567,0.0005661704,8.173578E-05,0.001276656,0.0007222417,0.1199609,0.7260594,0.0001092478,0.1414238
101,0.0004883693,0.0003776177,0.004987059,0.005583074,0.0001585842,0.0001728263,0.0006607005,8.984994E-05,0.001457104,0.0008611797,0.136482,0.7250651,7.047889E-05,0.1235461
102,0.0005853099,0.0004509938,0.006017363,0.006661678,0.0001876531,0.0002291497,0.0007474342,9.279645E-05,0.001611967,0.001018661,0.1511811,0.7272207,4.603155E-05,0.103949
103,0.0006904169,0.0005323718,0.00711336,0.007697008,0.0002195719,0.0002726798,0.0008073757,8.954637E-05,0.001705534,0.001163416,0.1606652,0.7306546,3.981877E-05,0.0883491
104,0.0007914556,0.0006130605,0.008148702,0.008571854,0.0002506003,0.0002969732,0.0008322335,8.169234E-05,0.001729587,0.001272178,0.1639798,0.7343142,3.808147E-05,0.07907967
105,0.0008606858,0.000672006,0.008842358,0.009048876,0.0002722779,0.0002967355,0.0008103849,7.092638E-05,0.001668788,0.001305674,0.1595315,0.738506,4.112983E-05,0.07807263
106,0.00083392,0.0006581013,0.008543122,0.008558164,0.0002647701,0.0002593346,0.0007158194,5.813155E-05,0.001481963,0.001188407,0.1426919,0.7417318,5.73531E-05,0.09295721
107,0.0006638981,0.0005298913,0.006780653,0.006739857,0.0002129695,0.0001852266,0.0005526531,4.587344E-05,0.001182165,0.0008952913,0.1132291,0.7492799,8.853933E-05,0.119614
108,0.0004591681,0.0003691359,0.004676113,0.004709233,0.0001498432,0.0001166866,0.0004173557,4.07354E-05,0.0009459478,0.0006042962,0.08734929,0.7680737,0.0001231252,0.1319653
109,0.0003395962,0.0002720227,0.003435511,0.003459066,0.0001116733,8.015806E-05,0.0003251552,3.120253E-05,0.0007637317,0.000464835,0.06507792,0.8227788,9.700393E-05,0.1027632
110,0.0002998933,0.0002381246,0.003015035,0.003062182,9.931971E-05,6.81215E-05,0.0003185896,3.13674E-05,0.0007637541,0.0004398576,0.06432517,0.8282989,9.532685E-05,0.09894435
111,0.0002918422,0.0002290218,0.002918851,0.00299462,9.683947E-05,6.66803E-05,0.0003419824,3.392231E-05,0.0008163992,0.0004637036,0.06856928,0.8243917,9.408717E-05,0.0986911
112,0.0003044734,0.0002358728,0.003033541,0.003139547,0.0001006682,7.284E-05,0.0003834759,3.730457E-05,0.0008989295,0.0005216389,0.07600971,0.8159053,8.858517E-05,0.09926809
113,0.0003229795,0.0002471506,0.003209557,0.003348855,0.0001061867,8.307244E-05,0.0004291903,4.077893E-05,0.0009863696,0.0005883988,0.0842462,0.8042995,8.961785E-05,0.1020021
114,0.0003445372,0.0002607644,0.003418485,0.003587749,0.0001125206,9.624094E-05,0.0004735218,4.372034E-05,0.001068248,0.0006573474,0.09236132,0.7909526,9.249717E-05,0.1065304
115,0.0003917672,0.0002934831,0.003883392,0.004054768,0.0001264593,0.0001166792,0.0005294327,4.461976E-05,0.00116318,0.0007725928,0.1027031,0.7825108,7.25656E-05,0.1033372
116,0.000436606,0.000324303,0.004323607,0.004475133,0.0001394008,0.0001357269,0.0005733459,4.461119E-05,0.001239217,0.000877879,0.1111353,0.7755366,6.630261E-05,0.100692
117,0.0004796443,0.0003541168,0.004742844,0.004842974,0.0001518014,0.0001495179,0.0006012607,4.245133E-05,0.001280667,0.0009707428,0.1168645,0.7691717,6.424292E-05,0.1002835
118,0.0005201681,0.0003824005,0.005133675,0.005155847,0.0001634147,0.0001577913,0.0006153908,3.908006E-05,0.001296201,0.001050281,0.1203095,0.7651839,6.064631E-05,0.09993172
119,0.0005595519,0.0004101795,0.005509519,0.005432059,0.0001746552,0.0001612291,0.0006192443,3.505856E-05,0.001293473,0.00112002,0.1220964,0.7644278,5.51999E-05,0.09810555
120,0.000557743,0.0004083594,0.005476612,0.005320237,0.0001737596,0.0001500446,0.0005865173,3.07653E-05,0.001229582,0.001101534,0.1174792,0.7624699,6.662475E-05,0.1049491
121,0.000498056,0.0003639729,0.004868822,0.004676437,0.0001553173,0.0001234458,0.0005080819,2.626533E-05,0.001082202,0.0009792176,0.1019331,0.7735912,8.280895E-05,0.111111
122,0.0004463261,0.0003249273,0.004343123,0.004147645,0.0001396524,0.0001025055,0.0004578335,2.447952E-05,0.0009964043,0.0008819951,0.0940305,0.7764264,9.220101E-05,0.117586
123,0.0004119728,0.0002980246,0.003991033,0.003803482,0.0001292997,8.88795E-05,0.0004346734,2.455052E-05,0.0009609682,0.0008281731,0.09050624,0.7808443,9.141371E-05,0.1175869
124,0.0003898755,0.0002797164,0.00376146,0.00358973,0.0001226839,8.050483E-05,0.0004300667,2.597657E-05,0.0009587872,0.0008043051,0.08999341,0.7829282,9.166706E-05,0.1165436
125,0.0003771305,0.0002680617,0.003625695,0.003475328,0.0001188975,7.626919E-05,0.0004383826,2.842681E-05,0.0009784495,0.0008016952,0.09157801,0.781215,9.504052E-05,0.1169235
126,0.000387587,0.0002727469,0.003716359,0.003570613,0.0001218961,7.836398E-05,0.0004650152,3.116035E-05,0.001027217,0.0008491885,0.09655945,0.7777956,8.634751E-05,0.1150385
127,0.0004184398,0.0002915625,0.004004178,0.003840618,0.0001307607,8.517115E-05,0.0005031902,3.324733E-05,0.001092214,0.0009401361,0.1038059,0.7752413,7.149837E-05,0.1095418
128,0.0004606439,0.0003182067,0.004400478,0.004197816,0.0001427921,9.370742E-05,0.0005412802,3.411159E-05,0.001152988,0.001051647,0.1111814,0.7729846,6.092622E-05,0.1033794
129,0.0005049804,0.0003465067,0.004815591,0.004556263,0.0001553456,0.0001008618,0.00056883,3.342174E-05,0.001191085,0.001159475,0.1167737,0.7703435,5.635244E-05,0.09939399
130,0.0005461199,0.0003729624,0.005197946,0.004869335,0.0001669115,0.0001050949,0.0005820125,3.139542E-05,0.001201568,0.001250204,0.1199038,0.7679614,5.435143E-05,0.09775691
131,0.0005565928,0.0003790474,0.005286239,0.004913166,0.0001696343,0.0001019357,0.0005651859,2.858806E-05,0.001162327,0.001262418,0.1176493,0.7640966,6.397613E-05,0.103765
132,0.000514708,0.0003499211,0.004876638,0.004524263,0.0001573586,8.955035E-05,0.0005144779,2.588203E-05,0.001071384,0.001155138,0.1089269,0.7592487,8.800875E-05,0.1184571
133,0.0004824548,0.0003275939,0.00457463,0.004282827,0.0001486525,8.202872E-05,0.0005025525,3.000774E-05,0.001066146,0.00106911,0.1111169,0.7372471,0.0001066943,0.1389633
134,0.0004427222,0.0002997989,0.00420414,0.003990917,0.0001374276,7.602821E-05,0.0004917678,3.551385E-05,0.001059877,0.0009783064,0.1078483,0.7392576,0.0001123668,0.1410653
135,0.0004199519,0.0002832931,0.003998773,0.003861748,0.0001310574,7.594602E-05,0.0005018483,4.329161E-05,0.001091184,0.0009324385,0.1086228,0.7387723,0.0001155313,0.1411498
136,0.0004100575,0.0002754777,0.003921177,0.003859936,0.0001283418,8.152446E-05,0.0005261358,5.278358E-05,0.001146986,0.0009176144,0.1121781,0.7344236,0.0001197144,0.1419585
137,0.0004187734,0.0002801264,0.004027236,0.004029076,0.0001309287,9.439279E-05,0.0005644541,6.274335E-05,0.001224858,0.0009441947,0.1186119,0.7277399,0.0001152088,0.1417563
138,0.0004567851,0.0003040821,0.004418829,0.00444631,0.00014193,0.0001160392,0.0006190306,7.110152E-05,0.00132484,0.001034475,0.1283526,0.7231289,9.341667E-05,0.1354918
139,0.0005218972,0.000345852,0.005073018,0.005073167,0.0001607353,0.0001433519,0.000682141,7.655982E-05,0.00143164,0.001178515,0.1396884,0.7227268,6.921835E-05,0.1228287
140,0.0005968424,0.000394241,0.005821005,0.005738209,0.0001822132,0.0001691764,0.0007344377,7.904597E-05,0.001518505,0.001332152,0.1490439,0.7234753,5.66379E-05,0.1108584
141,0.0006767221,0.000446609,0.00661037,0.006386315,0.0002052872,0.0001876398,0.0007678161,7.737129E-05,0.001563501,0.001477641,0.1549501,0.7254189,4.933295E-05,0.1011824
142,0.0007005825,0.0004633869,0.006847077,0.006498886,0.0002123453,0.0001839126,0.0007395047,7.148917E-05,0.00150081,0.001484193,0.1498487,0.7233719,6.503927E-05,0.1080121
143,0.0006366418,0.0004228049,0.00622248,0.005846341,0.0001940502,0.0001558895,0.0006479079,6.345883E-05,0.001334558,0.001307065,0.1332041,0.7204082,9.4599E-05,0.129462
144,0.0005639392,0.0003754361,0.005512594,0.005155972,0.0001730699,0.0001296424,0.0005735848,5.920126E-05,0.001209535,0.001134068,0.1194584,0.726653,0.000102428,0.1388992
145,0.0005350314,0.0003566682,0.005238307,0.004912844,0.0001653457,0.0001181857,0.0005616344,6.36845E-05,0.001201595,0.00105405,0.1202443,0.7205389,9.859487E-05,0.1449108
146,0.0004847712,0.0003232947,0.004757496,0.004508894,0.000151052,0.0001056893,0.0005416048,6.840215E-05,0.001176884,0.000945718,0.1149691,0.7273915,0.0001081686,0.1444674
147,0.0004643727,0.0003093784,0.004572965,0.004382126,0.0001454105,0.000103271,0.000548629,7.4767E-05,0.001197297,0.00090451,0.114967,0.729354,0.0001071053,0.1428693
148,0.0004647203,0.0003090376,0.004596751,0.004448955,0.0001457668,0.0001085231,0.0005728646,8.185031E-05,0.001247261,0.0009073087,0.1184154,0.7292101,9.97325E-05,0.1393917
149,0.0004796473,0.0003183196,0.004767922,0.004644773,0.0001503269,0.0001191434,0.0006047957,8.833296E-05,0.00130865,0.0009375589,0.1234641,0.7274967,9.189708E-05,0.1355279
150,0.0004992941,0.0003308735,0.004987737,0.00487296,0.0001562318,0.0001315455,0.0006337155,9.327532E-05,0.001362637,0.0009730591,0.1280872,0.7247423,8.788117E-05,0.1330412
151,0.0005063636,0.0003355046,0.00508253,0.004976576,0.0001584334,0.0001403528,0.0006461848,9.625393E-05,0.001387345,0.0009795412,0.129831,0.7204846,9.406672E-05,0.1352813
152,0.0005440504,0.0003602593,0.005482318,0.005330708,0.0001697373,0.0001555054,0.0006754208,9.811403E-05,0.001434968,0.001041477,0.1346325,0.720248,7.780136E-05,0.1297491
153,0.0005817953,0.0003852285,0.005882077,0.005660245,0.000180975,0.0001685131,0.0006968564,9.887471E-05,0.00147237,0.00109813,0.1381212,0.723143,6.784472E-05,0.1224429
154,0.0005946172,0.0003943556,0.006026022,0.005738648,0.0001849676,0.0001702283,0.0006888359,9.643204E-05,0.001455769,0.001100859,0.1364321,0.7241475,7.342315E-05,0.1228962
155,0.0005476812,0.0003645772,0.005561366,0.005281608,0.0001714185,0.0001531296,0.0006343905,9.110808E-05,0.00135742,0.0009931652,0.1264417,0.7225128,0.0001016627,0.1357879
156,0.0004908104,0.000327676,0.004997093,0.004765379,0.0001547525,0.0001364989,0.0005885954,8.911281E-05,0.001281789,0.000880193,0.1177224,0.7240776,0.0001187376,0.1443693
157,0.0004180717,0.0002786424,0.004248206,0.004006279,0.0001318923,0.0001131227,0.0004918628,7.23185E-05,0.001083664,0.0007419627,0.09015811,0.7893897,8.797707E-05,0.1087782
158,0.000404744,0.0002689239,0.004106508,0.003838962,0.0001277352,0.0001072632,0.0004748595,6.856399E-05,0.001054865,0.0007185787,0.08828244,0.7975034,8.106067E-05,0.1029622
159,0.000398237,0.0002636256,0.004035494,0.003741756,0.0001257137,0.0001034522,0.000467007,6.600111E-05,0.00103913,0.0007105003,0.08763257,0.800713,8.053817E-05,0.1006229
160,0.0003956782,0.0002608815,0.004005743,0.003686236,0.0001249313,0.0001009536,0.0004647862,6.430005E-05,0.001032115,0.0007111327,0.08773206,0.8014966,8.076407E-05,0.09984384
161,0.0004021905,0.0002640135,0.004069177,0.003713558,0.0001268557,0.0001009159,0.0004705436,6.330071E-05,0.001038381,0.0007289576,0.08908613,0.8017026,7.614565E-05,0.09815724
162,0.000412563,0.0002696492,0.004172632,0.003774703,0.0001299317,0.0001016892,0.0004784917,6.244578E-05,0.001047875,0.0007531776,0.09077798,0.8015975,7.233818E-05,0.09634896
163,0.0004205084,0.0002737761,0.00425217,0.003814103,0.0001323123,0.0001014785,0.0004827707,6.12805E-05,0.001050111,0.0007711933,0.09181999,0.8005676,7.283387E-05,0.09617992
164,0.0004362834,0.0002829734,0.004411748,0.003917053,0.0001369948,0.0001025421,0.0004903568,5.994287E-05,0.001056846,0.0008018991,0.09344193,0.8002573,6.737775E-05,0.09453667
165,0.0004479966,0.0002896343,0.004530514,0.003982893,0.0001404814,0.0001020551,0.0004923215,5.820689E-05,0.001054068,0.0008227213,0.09414513,0.8002802,6.607051E-05,0.09358764
166,0.0004627139,0.0002982907,0.004680028,0.004069904,0.0001448499,0.0001014598,0.0004933095,5.606325E-05,0.001048552,0.0008466434,0.09472105,0.8008127,6.25328E-05,0.09220184
167,0.0004625767,0.0002975736,0.004678916,0.004033265,0.0001448631,9.723227E-05,0.000482066,5.342704E-05,0.001023012,0.0008412656,0.09321359,0.800807,6.728425E-05,0.09379792
168,0.0004705075,0.0003019861,0.004759709,0.004062887,0.0001472395,9.445841E-05,0.0004759555,5.098519E-05,0.001006205,0.0008504849,0.09260689,0.8021575,6.281906E-05,0.09295235
169,0.0004921466,0.0003160394,0.004991084,0.00428588,0.0001549931,9.700531E-05,0.000514217,5.821436E-05,0.001091812,0.0008890764,0.1076348,0.760181,8.975247E-05,0.119204
170,0.0004627593,0.0002973365,0.004707885,0.004084899,0.0001466961,9.166727E-05,0.0005073118,6.159309E-05,0.001086238,0.0008375077,0.1053949,0.7552963,0.0001048135,0.1269201
171,0.0004421458,0.0002841594,0.00451768,0.003975858,0.000140885,9.147824E-05,0.0005138779,6.700842E-05,0.001108273,0.0008059019,0.1056987,0.7521323,0.0001109065,0.1301108
172,0.0004311931,0.0002771675,0.004431391,0.003965129,0.0001378204,9.722334E-05,0.0005323819,7.394703E-05,0.001153216,0.0007940183,0.1082802,0.7477385,0.0001152254,0.1319725
173,0.0004559973,0.0002928256,0.004717261,0.004254343,0.0001453619,0.0001140208,0.0005741445,8.06223E-05,0.001233485,0.0008478466,0.1153709,0.7441624,9.629525E-05,0.1276545
174,0.0004894336,0.0003140693,0.005096609,0.004606492,0.0001553611,0.0001347589,0.0006160698,8.618447E-05,0.00131369,0.0009138784,0.1226191,0.7412707,8.462177E-05,0.122299
175,0.0005413163,0.0003472437,0.005666784,0.005080719,0.0001709598,0.0001577289,0.0006583791,8.878907E-05,0.001386186,0.001006103,0.1299636,0.740212,7.026071E-05,0.11465
176,0.0006041838,0.0003877941,0.006349269,0.005604052,0.0001899207,0.0001786532,0.0006934222,8.861634E-05,0.001441627,0.001107505,0.1360472,0.7418647,5.789693E-05,0.105385
177,0.0006618377,0.000425723,0.006972657,0.006034627,0.0002074496,0.0001911239,0.0007077729,8.539874E-05,0.001458495,0.001185776,0.1385928,0.744504,5.284097E-05,0.09891952
178,0.0006824973,0.0004409213,0.007201191,0.006117601,0.0002141007,0.0001869324,0.0006823793,7.88025E-05,0.001404363,0.00118653,0.134316,0.7457275,6.034949E-05,0.101701
179,0.0006422364,0.0004173355,0.006782864,0.005687123,0.0002025097,0.0001644103,0.0006148815,7.03884E-05,0.001279825,0.001082161,0.1226259,0.7466981,7.813702E-05,0.1136542
180,0.000587927,0.0003839485,0.006214128,0.005164804,0.0001865386,0.0001406837,0.0005523913,6.428706E-05,0.001170622,0.0009680354,0.1116764,0.7527562,8.345202E-05,0.1200507
181,0.0005394128,0.0003544371,0.005717254,0.004785758,0.0001733628,0.0001236647,0.0005304415,6.620092E-05,0.001157399,0.000856804,0.1123275,0.7363263,0.0001020056,0.1369395
182,0.0004759991,0.0003142225,0.005064412,0.004303506,0.0001548603,0.0001083651,0.0005048029,6.841026E-05,0.001128388,0.0007421662,0.105632,0.7435325,0.0001131495,0.1378572
183,0.0004526437,0.0002996091,0.00484208,0.004181481,0.0001483895,0.0001074365,0.0005143513,7.353704E-05,0.001161567,0.0007029467,0.1058531,0.7468861,0.0001078344,0.134669
184,0.000428318,0.000284282,0.004616262,0.004079495,0.0001413173,0.0001118286,0.0005298309,8.050743E-05,0.001208092,0.0006675279,0.1072946,0.7450608,0.0001186517,0.1353784
185,0.0004127964,0.0002748314,0.004493706,0.004076473,0.0001367192,0.0001256849,0.0005548405,8.86806E-05,0.001271536,0.0006471412,0.1106162,0.7381172,0.0001330645,0.1390512
186,0.0004244651,0.0002832906,0.004677508,0.004325214,0.0001403431,0.0001577751,0.0005996107,9.726505E-05,0.001370172,0.0006695165,0.1177922,0.7298542,0.0001259573,0.1394826
187,0.0004612223,0.0003083443,0.005144691,0.004781366,0.0001516226,0.000207156,0.0006568821,0.0001044864,0.00148961,0.0007285538,0.127286,0.723938,0.0001047014,0.1346373
188,0.0005273219,0.0003530329,0.00593536,0.005439223,0.0001721532,0.0002668823,0.0007219042,0.000108165,0.001614554,0.0008246911,0.1377903,0.7230717,7.781422E-05,0.1230969
189,0.0005978636,0.0004012003,0.006773212,0.006050592,0.0001939886,0.0003205957,0.0007709521,0.0001090276,0.001714534,0.0009161293,0.145201,0.7247481,6.527958E-05,0.1121375
190,0.0006382777,0.0004306992,0.007253617,0.00629239,0.0002070675,0.0003381675,0.0007737681,0.0001042166,0.001719704,0.0009462031,0.1446764,0.7260975,7.034605E-05,0.1104516
191,0.0006590154,0.0004479119,0.007498214,0.006305558,0.0002144583,0.000330974,0.0007497214,9.653519E-05,0.001669797,0.0009394716,0.1398247,0.7295153,7.168315E-05,0.1116767
192,0.0006323998,0.0004335649,0.007198839,0.005901885,0.0002072165,0.0002951599,0.0006902209,8.782422E-05,0.001554373,0.000867751,0.1293296,0.7353389,8.113826E-05,0.1173811
193,0.0005203962,0.0003588115,0.005911754,0.004718653,0.000171961,0.0002206235,0.0005406676,7.05398E-05,0.00124406,0.0006812254,0.09628946,0.7893079,7.750764E-05,0.09988637
194,0.0004758905,0.0003293817,0.005395309,0.004212615,0.000158621,0.0001831071,0.0004804775,6.463394E-05,0.001126334,0.0006044921,0.08757079,0.8020216,7.361046E-05,0.09730316
195,0.0004352397,0.000301874,0.004923776,0.003781994,0.0001464556,0.0001523214,0.0004369555,6.101878E-05,0.001040342,0.0005450523,0.08115872,0.8126735,7.277636E-05,0.09427001
196,0.0003963394,0.0002750252,0.004473273,0.003401838,0.0001347801,0.0001269545,0.0004055586,5.920294E-05,0.0009769448,0.0004965644,0.0763355,0.819703,7.734324E-05,0.09313763
197,0.0003669813,0.0002543181,0.00413224,0.003128248,0.000126087,0.0001089864,0.0003898786,5.943814E-05,0.0009440988,0.0004665793,0.07380003,0.8237264,8.080665E-05,0.09241593
198,0.0003650673,0.0002521849,0.004102822,0.003090449,0.000126243,0.0001021203,0.0003972484,6.141375E-05,0.0009556159,0.0004753544,0.07511535,0.8261317,7.08256E-05,0.08875365
199,0.0003757756,0.0002585745,0.004216667,0.003159509,0.0001304832,0.000100189,0.0004132756,6.369044E-05,0.0009833706,0.0005009644,0.07792304,0.8276711,6.169397E-05,0.0841418
200,0.0004051046,0.0002777581,0.004540788,0.003370886,0.0001408932,0.0001029275,0.0004359566,6.494769E-05,0.001019783,0.0005476814,0.0819718,0.8295139,4.950328E-05,0.07755806
201,0.0004277267,0.0002926263,0.004789627,0.003523849,0.0001491263,0.0001032472,0.0004464443,6.447732E-05,0.001032419,0.000579469,0.08408996,0.8301124,4.793652E-05,0.07434064
202,0.0004288904,0.0002933331,0.004797269,0.003507721,0.0001503568,9.768328E-05,0.0004355758,6.166355E-05,0.001002122,0.0005762293,0.0826518,0.8284233,5.688963E-05,0.07751716
203,0.0004053031,0.0002773074,0.00452704,0.003306759,0.0001432552,8.736886E-05,0.0004092068,5.831117E-05,0.0009455977,0.0005396109,0.07848657,0.8263973,7.005214E-05,0.08434633
204,0.0003853507,0.0002635044,0.004297774,0.00314434,0.0001372142,7.960988E-05,0.0003917411,5.670648E-05,0.0009105137,0.0005124241,0.07573256,0.8269333,7.192801E-05,0.08708312
205,0.0003755007,0.0002567833,0.004188121,0.003097325,0.0001348277,7.651453E-05,0.0004005205,6.05757E-05,0.0009337789,0.0005162026,0.07897117,0.8149735,8.329018E-05,0.09593196
206,0.0003552251,0.0002427782,0.003963202,0.002978413,0.0001284866,7.376433E-05,0.0004044804,6.437606E-05,0.0009452024,0.0005067693,0.07947765,0.81014,9.463762E-05,0.1006251
207,0.0003468841,0.0002367772,0.0038744,0.002966691,0.0001260088,7.650228E-05,0.0004225611,7.019674E-05,0.0009849583,0.0005149578,0.08235233,0.8039614,0.0001000979,0.1039663
208,0.0003534704,0.0002408392,0.003956286,0.003082857,0.0001284516,8.570861E-05,0.0004538726,7.722301E-05,0.001049653,0.0005450685,0.08759464,0.7968543,9.758316E-05,0.1054801
209,0.0003662995,0.0002491817,0.004111642,0.003253274,0.0001328787,9.937045E-05,0.0004889918,8.43119E-05,0.001121284,0.0005828555,0.09357642,0.7887296,9.665955E-05,0.1071072
210,0.0003901485,0.0002650147,0.004393362,0.003505685,0.0001410093,0.0001176853,0.0005275371,9.045161E-05,0.001196834,0.0006350717,0.1002807,0.7811404,8.960655E-05,0.1072265
211,0.000436438,0.00029599,0.004928172,0.003918207,0.0001568966,0.0001413115,0.0005738399,9.474258E-05,0.001280642,0.0007190055,0.1084228,0.7779866,6.977913E-05,0.1009756
212,0.0004937972,0.0003346362,0.005586723,0.004387691,0.0001766401,0.0001646507,0.0006153624,9.674456E-05,0.001354123,0.0008130991,0.1158122,0.7782236,5.481879E-05,0.09188587
213,0.0005524216,0.0003747679,0.006255544,0.004824496,0.0001971226,0.0001810649,0.0006402923,9.518694E-05,0.001393317,0.0008968987,0.1204815,0.7798429,4.731996E-05,0.08421724
214,0.0005951837,0.0004051644,0.006740023,0.005096751,0.0002125948,0.0001849049,0.0006368233,8.971E-05,0.001376729,0.0009416118,0.1205048,0.781372,4.768729E-05,0.08179609
215,0.0006050819,0.0004140942,0.006848466,0.005087736,0.0002170571,0.000174237,0.0006004957,8.124787E-05,0.001299547,0.0009263993,0.1150958,0.7827452,5.389913E-05,0.08585075
216,0.0005385572,0.0003710165,0.006088121,0.004484381,0.0001950614,0.0001423939,0.0005160333,7.041277E-05,0.001137074,0.0007984024,0.1011448,0.7839519,7.897287E-05,0.1004829
217,0.0004729176,0.0003276083,0.005337616,0.003956066,0.0001734185,0.0001165143,0.0004677047,6.463435E-05,0.00106364,0.0006891264,0.09609345,0.7721188,0.000100755,0.1190178
218,0.000405749,0.0002818566,0.004573115,0.003444528,0.0001504861,9.631007E-05,0.000433378,6.244495E-05,0.001011006,0.0005948138,0.08916774,0.7793518,0.0001094962,0.1203172
219,0.0003693372,0.0002566305,0.00416188,0.003208829,0.0001379946,8.942431E-05,0.000434945,6.540563E-05,0.001026915,0.0005555047,0.0886292,0.7812055,0.0001139941,0.1197444
220,0.0003559935,0.0002471094,0.004018977,0.003185181,0.0001333038,9.439847E-05,0.000461209,7.147119E-05,0.001089619,0.0005539883,0.09261669,0.7766493,0.0001183122,0.1204045
221,0.0003685408,0.0002553757,0.004177297,0.003387237,0.0001374853,0.0001129944,0.0005068894,7.828334E-05,0.001186924,0.00059207,0.1004041,0.7684653,0.0001106237,0.1202168
222,0.000385456,0.0002668431,0.004392844,0.003631891,0.000142941,0.0001399772,0.0005528069,8.479708E-05,0.00128516,0.000633581,0.1084125,0.7580796,0.0001107598,0.1218808
223,0.0004238405,0.0002931678,0.004856103,0.004034174,0.000155915,0.0001782213,0.0006053326,8.901105E-05,0.001391008,0.000705197,0.1177684,0.7498828,9.453119E-05,0.1195223
224,0.000488037,0.0003374486,0.005611762,0.004606907,0.0001781329,0.0002237353,0.0006635116,9.002365E-05,0.001500354,0.0008109538,0.1280536,0.7482441,6.898816E-05,0.1091225
225,0.0005348872,0.0003704535,0.006165353,0.004976164,0.0001942486,0.0002556786,0.0006902982,8.877645E-05,0.001558388,0.0008777196,0.1328342,0.7462562,6.863522E-05,0.1051291
226,0.0005558452,0.0003867385,0.006409036,0.005071722,0.0002020035,0.0002617021,0.0006800334,8.33258E-05,0.001536794,0.0008905526,0.1311395,0.7440541,7.660521E-05,0.108652
227,0.0005524091,0.0003865816,0.006366725,0.004945845,0.0002014456,0.0002502624,0.0006472566,7.714702E-05,0.001473635,0.0008622415,0.1255829,0.7445218,8.20875E-05,0.1140497
228,0.0005171242,0.0003641983,0.005955508,0.004570009,0.0001897378,0.0002235206,0.0005967901,7.18161E-05,0.001378916,0.0007895454,0.1168608,0.7476303,9.32898E-05,0.1207584
229,0.0004540678,0.0003218888,0.005226666,0.004018758,0.0001678274,0.0001896625,0.0005511661,7.348526E-05,0.001286906,0.0006698399,0.1080862,0.7480468,0.000118307,0.1307884
