"<HEADER software/>"
EwEVersion,"6.7.0.17868 (compiled 5/31/2022)"
Date,"7/27/2023 4:35:40 PM"
"<HEADER ecopath/>"
ModelName,1
"<HEADER ecosim/>"
EcosimScenario,spa_01_adjTry3
TimeSeries,TS_updated_IB13
StartYear,1980
"<HEADER end/>"

Data,"Prey of Spanish mackerel (0-1yr)"

timestep\group,"Inshore coastal piscivores","Sea trout","Reef invertebrate feeders","Demersal coastal invertebrate feeders","Benthic coastal invertebrate feeders","Coastal omnivores",Sardine-herring-scad,"Menhaden (1yr)","Menhaden (2yr)","Menhaden (3yr)","Menhaden (4yr)",Anchovy-silverside-killifish,Mullet,Butterfish,Cephalopod,"Pink shrimp","Brown shrimp","White shrimp",Crab,"Mobile epifauna",Zooplankton,Infauna,Detritus,
1,0.002841245,0.001698028,0.002322731,0.01516387,0.00387176,0.0367139,0.04225658,0.1395802,0.1093455,0.09669481,0.04352664,0.2037187,0.002064123,0.04359048,0.01589043,0.005963522,0.0005511291,0.1041329,0.01114862,0.0002357983,0.07351139,0.0006161489,0.04456148
2,0.002720546,0.001626801,0.002218087,0.01460561,0.003732626,0.03516587,0.04053437,0.1422136,0.1101751,0.09784292,0.04333036,0.1931746,0.001978046,0.04183041,0.0159455,0.00601441,0.0005752374,0.1046008,0.01021959,0.0002325504,0.08405648,0.0006107403,0.04659569
3,0.002494854,0.0014946,0.00204158,0.01354655,0.00348095,0.03242797,0.03756537,0.1440909,0.1097679,0.09767687,0.0425487,0.1791145,0.001829288,0.03903885,0.01608649,0.006026674,0.0006087372,0.1049154,0.009045097,0.0002270958,0.106027,0.0006116236,0.04933301
4,0.002342258,0.001403799,0.001926278,0.01288072,0.003338878,0.03056567,0.03579231,0.1505424,0.1117184,0.099145,0.04248226,0.1695747,0.001722387,0.03758036,0.01770851,0.006053748,0.0006263578,0.1046858,0.008239308,0.0002211823,0.1136499,0.0005844734,0.04721534
5,0.002294641,0.001373722,0.001892851,0.01276875,0.003343049,0.02996316,0.03556276,0.1568303,0.1145997,0.1014902,0.04296597,0.1641265,0.001679936,0.03765482,0.02074099,0.006153238,0.0006371107,0.1054625,0.007841649,0.000218236,0.1085367,0.0005531682,0.04331008
6,0.002374933,0.001416693,0.001948556,0.01328121,0.00350215,0.03078758,0.03692804,0.1631184,0.1187087,0.1052293,0.04427728,0.1628243,0.001710252,0.03914804,0.02436515,0.006263093,0.0006289394,0.1059852,0.00782422,0.0002168726,0.09072227,0.000516236,0.0382227
7,0.002541152,0.00150785,0.002056774,0.01417256,0.003750823,0.03250045,0.03917912,0.1671532,0.122719,0.1093896,0.04600759,0.1643237,0.001784082,0.04130166,0.02752052,0.006340622,0.0006102555,0.1062015,0.007997634,0.0002160087,0.06879018,0.0004823171,0.03345338
8,0.002733964,0.001613371,0.002169885,0.01511879,0.004000951,0.03440916,0.04139235,0.1678046,0.1252141,0.1128029,0.04761752,0.1671865,0.001866138,0.04317159,0.02908785,0.006345705,0.0005881152,0.1058374,0.008151385,0.000214956,0.05124721,0.0004598754,0.03096569
9,0.002959419,0.001736383,0.002290124,0.01613359,0.004250044,0.03656318,0.04358519,0.1672734,0.1267272,0.1157683,0.04918806,0.1724098,0.001959306,0.0448055,0.02901962,0.006250096,0.0005511826,0.1036556,0.008280694,0.0002126585,0.03707609,0.0004376862,0.02886675
10,0.00319602,0.001865013,0.002405414,0.01711961,0.004476414,0.03875914,0.04559011,0.165133,0.1270414,0.1180158,0.05056779,0.1800258,0.00205246,0.04608968,0.02788195,0.006096215,0.0005133816,0.1009135,0.008358076,0.0002101461,0.02583852,0.0004224723,0.02742807
11,0.003394708,0.001972386,0.002484702,0.01785172,0.004623357,0.04050272,0.04685244,0.1615189,0.1257052,0.1191351,0.05150619,0.1891267,0.002122703,0.04654061,0.02575818,0.00590459,0.0004832144,0.09817962,0.008290131,0.0002081055,0.01874717,0.0004237542,0.02866784
12,0.003649711,0.002109182,0.002588502,0.01875723,0.004795712,0.04272623,0.0484947,0.1589163,0.1243756,0.1201449,0.05250159,0.2032132,0.002212562,0.0472256,0.02362719,0.005610521,0.0004282244,0.09262004,0.008280328,0.0002026933,0.01153954,0.0003988313,0.02558156
13,0.0038456,0.002208747,0.002666883,0.01928643,0.004904288,0.04459427,0.04969731,0.1542928,0.1236617,0.1215148,0.05361823,0.2079105,0.002281676,0.04748034,0.02137025,0.005389751,0.000400779,0.09020042,0.008176853,0.0002024192,0.008210216,0.0004195543,0.02766623
14,0.003852776,0.002203394,0.002623077,0.01892361,0.004780049,0.04446657,0.04861222,0.1514357,0.120891,0.1210681,0.05368692,0.2175737,0.002260319,0.04566577,0.01836576,0.005101807,0.0003794659,0.0868747,0.007721774,0.0002003759,0.007407255,0.0004657233,0.03543993
15,0.003789706,0.002159247,0.00253908,0.01825091,0.004580372,0.04351523,0.04680632,0.1568672,0.1190455,0.1209295,0.05367502,0.2224653,0.002202729,0.04325658,0.01561696,0.004871061,0.0003670828,0.08431191,0.007268419,0.0001980254,0.007115178,0.0005084372,0.03966033
16,0.003609055,0.002052784,0.002395679,0.01713635,0.004278447,0.04138178,0.04393464,0.1678264,0.1173864,0.12073,0.05338158,0.2183663,0.002102125,0.04011933,0.01303618,0.004803236,0.0003830062,0.0847776,0.006762647,0.0001998354,0.009301009,0.000582374,0.04545318
17,0.003286554,0.001869291,0.002178258,0.01547655,0.00385413,0.03773293,0.03974581,0.1867509,0.1167971,0.1210702,0.05295585,0.2030584,0.001939324,0.03608766,0.01064137,0.004846792,0.0004200054,0.0866254,0.006175763,0.0002015007,0.01676752,0.000659105,0.05085966
18,0.002979477,0.001694509,0.001981218,0.01396685,0.00347594,0.03422647,0.03599353,0.2081925,0.1176956,0.1209927,0.05235349,0.1828987,0.001780903,0.03270489,0.008990515,0.00492778,0.000450224,0.08736605,0.005751736,0.0001998223,0.0314304,0.000676353,0.04927019
19,0.002780483,0.001580375,0.001862647,0.01302029,0.003243972,0.03196781,0.03373519,0.2210025,0.1208539,0.1211009,0.05206195,0.1638334,0.001679482,0.03092546,0.008241788,0.005069366,0.0004708905,0.08812525,0.005582545,0.000198881,0.04744878,0.0006580583,0.0445561
20,0.002733789,0.001550644,0.001843422,0.0127821,0.003187895,0.03139773,0.0333163,0.2254275,0.1277017,0.1230667,0.05289947,0.150307,0.001655484,0.03091086,0.008221519,0.005219093,0.0004722759,0.08832072,0.005678281,0.0001989994,0.05406021,0.0006179594,0.03843038
21,0.002798982,0.001582652,0.001894693,0.01303785,0.003252423,0.03206017,0.0341801,0.2221988,0.1370611,0.1264819,0.05472909,0.1422404,0.001688144,0.03207287,0.008599527,0.005351007,0.0004616076,0.08827085,0.005931164,0.0002003277,0.05244169,0.0005759541,0.03288859
22,0.00286333,0.001614817,0.001945061,0.01328785,0.003314106,0.03277985,0.03501757,0.2111692,0.1457127,0.1299833,0.05675736,0.136795,0.00172401,0.03321796,0.008928647,0.005439919,0.0004550159,0.088495,0.006110319,0.0002025588,0.05153064,0.0005555225,0.03210036
23,0.002959359,0.001664124,0.002010061,0.01364361,0.003396019,0.03381821,0.03609067,0.1994091,0.1542849,0.1338951,0.05915188,0.1350694,0.001772835,0.03444866,0.009143623,0.005446031,0.0004364391,0.08744584,0.006283826,0.0002034739,0.0473907,0.0005341993,0.03150182
24,0.002981362,0.001673913,0.002029925,0.01368779,0.003401584,0.0341453,0.03633963,0.1847729,0.1585533,0.1369557,0.06111323,0.1335098,0.001790412,0.03494303,0.00910338,0.005443706,0.0004344715,0.08751611,0.006284806,0.0002055829,0.0493972,0.0005434706,0.03517351
25,0.003011812,0.001692434,0.002080933,0.01378701,0.00343243,0.03487944,0.03700942,0.1749934,0.1625203,0.140143,0.06349074,0.1219556,0.001841016,0.03599984,0.008955372,0.005448069,0.0004340246,0.08849888,0.006361359,0.0002114728,0.05161626,0.0005962084,0.04104083
26,0.002949763,0.001659432,0.002074107,0.01349538,0.003368529,0.03457057,0.03665305,0.1618693,0.1630613,0.141171,0.06462818,0.1247945,0.001842052,0.03611914,0.008644797,0.005431425,0.0004393986,0.08920795,0.00631553,0.0002145982,0.05597496,0.0006416047,0.04487344
27,0.002859698,0.001610623,0.002051962,0.01310561,0.003282764,0.03393409,0.03603989,0.149802,0.164221,0.1425197,0.0654987,0.1259317,0.001829321,0.03607154,0.008399623,0.005472153,0.0004527706,0.09057264,0.006275548,0.0002177091,0.06227924,0.0006798462,0.04689184
28,0.002806029,0.001581393,0.002054303,0.0128793,0.003238367,0.03365321,0.03588189,0.1373467,0.1705741,0.1447753,0.06659156,0.1272466,0.001831754,0.03647051,0.008352134,0.005544409,0.0004611748,0.09159853,0.006350176,0.0002201259,0.06424005,0.0006921053,0.04561017
29,0.002733804,0.001542014,0.002045021,0.01258913,0.003179806,0.03316392,0.03553728,0.1229719,0.1779687,0.14703,0.06731972,0.1270072,0.001825343,0.03673096,0.008333713,0.005638335,0.0004745579,0.09298459,0.006397375,0.0002225848,0.06815242,0.0007049636,0.04544665
30,0.00269431,0.001520479,0.002055184,0.01243253,0.00315375,0.03299145,0.03555412,0.1131603,0.185335,0.1507822,0.06829505,0.127158,0.001831214,0.03727816,0.008407084,0.005701815,0.000476501,0.09322952,0.006507115,0.0002233254,0.06682936,0.0006965027,0.04368694
31,0.002713069,0.001531239,0.002103475,0.01251622,0.003186316,0.03344509,0.03624447,0.1090751,0.1891866,0.1557455,0.06956032,0.1286051,0.001865561,0.03838447,0.00858699,0.005752551,0.0004680677,0.09282775,0.006726261,0.0002238274,0.0606374,0.0006746767,0.03993995
32,0.002766553,0.00156155,0.002173588,0.0127352,0.003250611,0.03428188,0.03731238,0.1090158,0.1870901,0.161695,0.07096577,0.1307683,0.001917413,0.03973295,0.008748768,0.005774459,0.0004538743,0.09202664,0.006984432,0.0002242885,0.05326202,0.0006521238,0.0366063
33,0.002866294,0.001617774,0.002272267,0.01312429,0.003353592,0.035629,0.03886642,0.110949,0.1809692,0.1688877,0.07275256,0.1344491,0.001992086,0.0413708,0.008844388,0.005739924,0.0004283875,0.09015374,0.007291052,0.0002239299,0.04448475,0.0006239974,0.03310986
34,0.002979943,0.001682231,0.00237773,0.01354961,0.003462021,0.03715008,0.04052438,0.1120654,0.1710982,0.1764327,0.07466309,0.1389018,0.002074305,0.04294689,0.008811228,0.005663843,0.0004017141,0.0880589,0.007569662,0.000223666,0.03736608,0.0006052341,0.03139116
35,0.002973506,0.00168113,0.002393215,0.01347043,0.003440564,0.03733969,0.04063245,0.1119372,0.1567867,0.1833777,0.07588761,0.139763,0.002095252,0.04291516,0.008366494,0.005531492,0.0003886119,0.08646356,0.007514539,0.0002233637,0.03801015,0.0006319159,0.03817614
36,0.002849635,0.001614166,0.002320869,0.01289782,0.003295989,0.03610434,0.0392481,0.1149131,0.1433132,0.1901708,0.07683266,0.1368334,0.002044841,0.04141129,0.007721728,0.005388378,0.0003888081,0.08560708,0.007226365,0.0002213657,0.04320766,0.0006757837,0.04571243
37,0.00256814,0.001454793,0.002113728,0.01169976,0.002992543,0.03278624,0.03575139,0.1178789,0.1264563,0.1932344,0.07603084,0.1399045,0.001881448,0.03781982,0.00706606,0.005336176,0.0004221693,0.08589622,0.006643164,0.0002154429,0.06257927,0.0006854092,0.04858335
38,0.002336182,0.001322938,0.001953171,0.01075664,0.002763294,0.03011896,0.03309884,0.1247353,0.1148727,0.1971356,0.07560646,0.1292235,0.001749722,0.03546066,0.006958886,0.005378651,0.0004588387,0.08699155,0.006231732,0.0002112328,0.08419703,0.000675532,0.04776273
39,0.002111669,0.001195388,0.001804481,0.009880998,0.002561223,0.02761005,0.0307168,0.1286777,0.1051934,0.1996685,0.07463176,0.1198644,0.001622398,0.03368116,0.00733541,0.005445313,0.0004966831,0.08821983,0.005848334,0.0002068302,0.1065044,0.0006528331,0.04607055
40,0.00191074,0.001081028,0.00167605,0.009125753,0.002397848,0.02541973,0.02874882,0.1311607,0.0964211,0.205593,0.07362737,0.1122179,0.001506804,0.03248785,0.008319545,0.005490312,0.0005268488,0.08879686,0.00549932,0.0002014141,0.1233465,0.0006164145,0.04382798
41,0.001760038,0.0009948281,0.001586906,0.008600691,0.002299992,0.02384685,0.0275159,0.132243,0.08978846,0.2146184,0.07327999,0.1071708,0.001420225,0.03207168,0.01016274,0.005532564,0.0005479655,0.08912996,0.005246471,0.0001963923,0.1303665,0.0005741895,0.04104562
42,0.001725278,0.0009729913,0.001587849,0.008587005,0.002337324,0.0236476,0.0278625,0.1333909,0.08918246,0.2259618,0.07511047,0.1068188,0.001405065,0.03317933,0.01314761,0.005604435,0.0005509924,0.08938022,0.005269763,0.0001935762,0.1169833,0.0005266559,0.03657401
43,0.001803829,0.001013689,0.001674024,0.009056261,0.002499631,0.02475666,0.02965089,0.1314127,0.09511817,0.2340758,0.07929192,0.1101121,0.001459945,0.03558464,0.01660753,0.005692489,0.0005360111,0.08938421,0.005543979,0.0001928214,0.09321386,0.0004805665,0.03083823
44,0.001968192,0.001101176,0.001821639,0.009869498,0.002750763,0.02682672,0.03245489,0.1252871,0.1060555,0.2365067,0.08564004,0.1160728,0.001564325,0.03882241,0.0198706,0.005764341,0.0005120212,0.08935028,0.005978981,0.0001931159,0.06586812,0.0004398373,0.02528102
45,0.002185615,0.001217474,0.001999177,0.01085619,0.003039823,0.02945518,0.03568045,0.1157219,0.1171158,0.2320399,0.09337776,0.1235696,0.0016971,0.04218035,0.02195706,0.005769197,0.0004794868,0.08850724,0.006442455,0.0001934695,0.04486073,0.0004075266,0.0212466
46,0.002396056,0.001330411,0.002158312,0.01175363,0.003294079,0.03197636,0.03848911,0.1048091,0.123937,0.22104,0.1014203,0.1314047,0.001824328,0.04478958,0.02244359,0.005713777,0.0004526531,0.08754341,0.006768709,0.0001946634,0.03370043,0.0003994328,0.02216032
47,0.002495654,0.001384686,0.00221913,0.01213052,0.003397497,0.033188,0.03951011,0.09471293,0.1260126,0.205061,0.108455,0.1370374,0.001887917,0.04527322,0.02111515,0.005647314,0.0004518026,0.08792264,0.00674707,0.0001981682,0.03263533,0.0004438137,0.03207298
48,0.002554558,0.001415807,0.002241263,0.01228555,0.003441569,0.03374855,0.03985536,0.09181122,0.1264228,0.1902528,0.1145004,0.1431183,0.001917221,0.04494334,0.01948799,0.005637688,0.0004648698,0.08953606,0.006689156,0.0002017971,0.03050942,0.0004917079,0.03847262
49,0.002674086,0.001474637,0.002339105,0.01270716,0.003579702,0.03531664,0.04149046,0.09207619,0.1271789,0.175072,0.1179289,0.1424319,0.002010789,0.04630513,0.01846128,0.005787031,0.0004723155,0.09369431,0.006843021,0.0002125986,0.02943813,0.0005666041,0.0419392
50,0.0027148,0.001489763,0.002372661,0.01277656,0.003619001,0.03584094,0.04199519,0.09292259,0.1246811,0.1570405,0.118367,0.1523666,0.002053471,0.0464207,0.01704701,0.005934705,0.000487149,0.09759928,0.006885732,0.0002215535,0.03108239,0.0006386323,0.04544282
51,0.002704563,0.001476651,0.002364908,0.01262473,0.003595225,0.03566441,0.04178209,0.09837712,0.1222348,0.1401633,0.1181755,0.1592427,0.002061813,0.04580559,0.01556711,0.006083536,0.0005034519,0.1008477,0.006877572,0.0002283223,0.03466658,0.000696497,0.0482558
52,0.002645417,0.001436981,0.002318824,0.01227172,0.003514544,0.03483594,0.04091275,0.1098709,0.1198508,0.1229478,0.1188406,0.162369,0.00203593,0.04458984,0.01416509,0.006213927,0.0005187807,0.1031213,0.006816367,0.0002321139,0.04054689,0.0007333249,0.04921122
53,0.002560809,0.001383681,0.00225344,0.01182199,0.003405988,0.03366688,0.03972967,0.1308364,0.1161729,0.1075122,0.1190875,0.1617246,0.00198828,0.04314835,0.01299317,0.006275479,0.0005231027,0.1034875,0.006732629,0.0002316928,0.04624329,0.0007369112,0.04748354
54,0.00248327,0.001334261,0.002193826,0.01140862,0.003306075,0.03257222,0.03867299,0.1628,0.1103449,0.09823349,0.1169057,0.1580396,0.001937888,0.04188587,0.0121079,0.006217312,0.0005063258,0.1011955,0.00666648,0.0002265069,0.04746663,0.0007031558,0.04279161
55,0.002472025,0.001320194,0.002188006,0.01127865,0.003284674,0.03230374,0.03857699,0.1934486,0.1035235,0.09766645,0.1129793,0.1546562,0.001927481,0.04159668,0.01158703,0.006104523,0.000472234,0.09754373,0.006729609,0.0002202193,0.04316724,0.0006499778,0.03630301
56,0.002547926,0.001352121,0.002252523,0.01150882,0.003364078,0.03313329,0.03972143,0.2132535,0.09659448,0.1038571,0.1085262,0.1541508,0.001974585,0.04250964,0.01135101,0.00599429,0.0004307779,0.09388,0.006949058,0.0002156798,0.03589643,0.000596673,0.02993959
57,0.00265511,0.001400835,0.002342009,0.0118641,0.003476697,0.03441733,0.04129835,0.2198405,0.09024866,0.1117023,0.103713,0.1558164,0.002047873,0.04379058,0.01109941,0.005902578,0.000398253,0.09137426,0.007173849,0.0002141979,0.03062941,0.0005695734,0.02802465
58,0.002729271,0.001432969,0.002403004,0.01207845,0.003544309,0.03537732,0.0423606,0.2194191,0.08517323,0.1170418,0.09827757,0.1579832,0.002107559,0.04449309,0.01057449,0.00579313,0.0003752512,0.08944193,0.007249959,0.0002143176,0.02934233,0.0005763242,0.03201063
59,0.002755887,0.001440505,0.00242494,0.01209335,0.003552475,0.03576637,0.04272732,0.2196234,0.08129009,0.1200711,0.09217485,0.1599238,0.002137512,0.04447921,0.009914114,0.00569039,0.0003632547,0.08843322,0.007214971,0.0002150719,0.02981579,0.0006017471,0.03729068
60,0.002727162,0.001419902,0.002405192,0.01190109,0.00350025,0.03550341,0.04235629,0.2210706,0.07909941,0.1195711,0.0855903,0.1605357,0.002135731,0.04381399,0.009214961,0.005646273,0.000365968,0.08887248,0.007097062,0.0002172695,0.03410672,0.0006445919,0.04220473
61,0.002644144,0.001366113,0.002329636,0.01148135,0.003377641,0.0343897,0.04108002,0.2238943,0.07812987,0.1177852,0.07894371,0.1641222,0.002087245,0.04226997,0.008546776,0.005607865,0.0003899636,0.08884153,0.006971425,0.0002166209,0.0410148,0.0006621621,0.04384777
62,0.002517657,0.001291808,0.002226779,0.01092954,0.003220464,0.0328212,0.03932881,0.2244674,0.08073977,0.1150049,0.07265227,0.1583442,0.002016139,0.04051095,0.008023886,0.005653549,0.0004284724,0.09039979,0.006783149,0.000217665,0.05522456,0.0006915537,0.04650548
63,0.002382393,0.00121388,0.002121605,0.0103641,0.003063931,0.03116569,0.03755894,0.2232234,0.08660673,0.1125042,0.06694309,0.1521737,0.001935829,0.03896791,0.007772628,0.005696331,0.0004633672,0.09132547,0.00660261,0.0002166201,0.07030792,0.0006956804,0.04669413
64,0.002288623,0.001157696,0.002055548,0.009988661,0.002967441,0.03005307,0.03650691,0.2183368,0.09705009,0.1113391,0.06216071,0.1475843,0.001882615,0.038327,0.007917826,0.005768754,0.0004916003,0.09213908,0.006541183,0.0002157003,0.08005814,0.0006803684,0.04448881
65,0.002256996,0.001133166,0.002042493,0.009871654,0.002949147,0.02971098,0.03641118,0.2077385,0.1162152,0.1107403,0.0590083,0.1453031,0.001870345,0.03869295,0.008395763,0.005847439,0.0005076163,0.09257498,0.006626768,0.0002152114,0.08036293,0.0006518513,0.04087334
66,0.002291034,0.001141399,0.002080501,0.01000297,0.003003153,0.03013351,0.03722047,0.1884741,0.1483018,0.109945,0.05849788,0.145388,0.001899169,0.03985498,0.009009627,0.005880507,0.0005047859,0.09187357,0.0068419,0.0002141711,0.07077873,0.0006121906,0.03605058
67,0.002384331,0.001178753,0.002162019,0.01034394,0.00311617,0.0312334,0.038786,0.1659412,0.1818473,0.1083266,0.06085455,0.1479124,0.00196556,0.04158004,0.009567991,0.005868203,0.0004883003,0.0904047,0.007152127,0.0002131777,0.05684005,0.0005716805,0.03126146
68,0.00251713,0.001235294,0.002270283,0.01081323,0.003262868,0.03279209,0.04080109,0.1458716,0.2051566,0.1054376,0.06510098,0.1528235,0.002058684,0.04353744,0.009919822,0.005829331,0.0004681254,0.08891413,0.007494587,0.0002132883,0.04440961,0.0005431515,0.02852948
69,0.002663496,0.001298275,0.002384384,0.01131159,0.003412898,0.03452253,0.04288987,0.1312563,0.2140187,0.1017128,0.06951337,0.1598141,0.00216371,0.04537118,0.009982915,0.005775464,0.0004500879,0.08772167,0.007800177,0.0002149333,0.03605532,0.0005348641,0.02913135
70,0.002757154,0.001336225,0.00245297,0.01160019,0.003495963,0.03565986,0.0441342,0.1229476,0.2095053,0.0971664,0.07236633,0.1665768,0.002239583,0.04625792,0.009686443,0.005736564,0.0004475734,0.0878685,0.007924878,0.0002188698,0.03358831,0.0005656048,0.03546679
71,0.002749591,0.001326081,0.002439657,0.01150601,0.003463939,0.03557537,0.04388778,0.1220707,0.1975511,0.09173663,0.07359121,0.1706872,0.002249969,0.04566703,0.009101781,0.005747573,0.0004675651,0.08989094,0.007819714,0.0002241339,0.03694456,0.0006321514,0.04466927
72,0.002763666,0.001325269,0.002445093,0.01148957,0.003456013,0.03566357,0.04398034,0.1265484,0.1884957,0.08738133,0.07319944,0.1762005,0.002268176,0.04543487,0.008708096,0.005796087,0.000482763,0.09155338,0.007858649,0.0002280912,0.03797263,0.0006649532,0.04608343
73,0.002718166,0.001290695,0.002409866,0.01124681,0.003396615,0.03510197,0.04336536,0.1295333,0.1791645,0.0834511,0.07117215,0.1793617,0.002247773,0.04461457,0.008333062,0.0059332,0.0005102291,0.09447743,0.007831903,0.0002335076,0.04500014,0.0007091786,0.04789665
74,0.002659134,0.001250375,0.002366823,0.01096664,0.003327127,0.03437436,0.04261291,0.1363655,0.1702821,0.08355973,0.06861727,0.1765178,0.002216205,0.04377392,0.008055122,0.00605202,0.000531383,0.09643157,0.007804771,0.0002366242,0.05255142,0.0007315061,0.04871574
75,0.002585427,0.001204048,0.00231468,0.01064378,0.003246482,0.03347478,0.041705,0.1457637,0.1614532,0.08753144,0.0657518,0.171336,0.002171619,0.04290156,0.007886021,0.006130989,0.000545234,0.0973348,0.007758439,0.0002371147,0.05947182,0.0007331088,0.04781899
76,0.002506369,0.001156232,0.002259764,0.01030902,0.00316349,0.03251821,0.04075624,0.1555898,0.1528601,0.09708935,0.06303522,0.1645039,0.002120131,0.04207808,0.00781825,0.006149469,0.0005490981,0.09699491,0.007693808,0.000234955,0.06416483,0.0007167009,0.0457321
77,0.002392787,0.001094185,0.00217659,0.00985229,0.003043956,0.03116377,0.03930493,0.1609849,0.143407,0.1160649,0.060046,0.1552152,0.002042084,0.04083648,0.007744854,0.006088225,0.0005477509,0.09559225,0.007506231,0.0002300136,0.06950416,0.0006948377,0.04446635
78,0.002307475,0.001045907,0.00211427,0.009491062,0.002953263,0.03011427,0.03823552,0.1621375,0.1338102,0.1489957,0.05757496,0.1468542,0.001977348,0.03994197,0.007769594,0.005938089,0.0005274805,0.09231404,0.007368318,0.0002221132,0.06693655,0.0006500921,0.04072002
79,0.002306277,0.001035941,0.002120464,0.009433635,0.002955138,0.0300606,0.03839693,0.1589788,0.1260325,0.1847872,0.05617305,0.1423671,0.00197079,0.04016741,0.007946989,0.005789224,0.0004942812,0.08854593,0.007436375,0.000215246,0.05756507,0.0005966683,0.03462449
80,0.002377825,0.001058527,0.002186524,0.00963509,0.003036425,0.03089361,0.0396258,0.1528259,0.1201895,0.2128912,0.05554116,0.1418687,0.002017401,0.0413317,0.008197509,0.00567859,0.0004620201,0.08562008,0.007667465,0.0002113749,0.04670272,0.0005531841,0.02942765
81,0.002396696,0.001059251,0.002206862,0.009647953,0.003054966,0.03117152,0.03999995,0.1442651,0.1139992,0.2284332,0.05444811,0.1405645,0.002036003,0.04158372,0.00810896,0.005566387,0.00044756,0.08403064,0.007671118,0.0002100493,0.04560658,0.0005555403,0.03293616
82,0.002363462,0.001037825,0.002182082,0.009467979,0.003011534,0.0308143,0.03954196,0.1403774,0.109741,0.2349726,0.05290654,0.1385535,0.002017651,0.04098238,0.007828383,0.005450055,0.0004428068,0.08307353,0.007518691,0.0002086425,0.04836365,0.0005757667,0.03856833
83,0.002290309,0.0009999458,0.002127951,0.009166844,0.002930716,0.03000439,0.03855527,0.1392111,0.1073425,0.2342724,0.05055087,0.1360568,0.001974792,0.03999292,0.007575963,0.005415397,0.0004550468,0.08375262,0.007302873,0.0002089423,0.05650865,0.0006084352,0.04269527
84,0.002246028,0.0009746771,0.002102164,0.008983937,0.00288964,0.02953637,0.0380971,0.1411434,0.106556,0.2317653,0.0484585,0.1352603,0.001951241,0.0396329,0.007571015,0.005438882,0.0004661742,0.08463731,0.007231954,0.0002095834,0.06168608,0.0006200036,0.04254169
85,0.002217415,0.0009629613,0.002092612,0.008891909,0.002873497,0.02927571,0.03793393,0.1410867,0.106204,0.2269284,0.04662432,0.1362218,0.001942896,0.03967645,0.007767841,0.005532217,0.000462031,0.08632047,0.006966892,0.0002117782,0.06733561,0.0006270403,0.04184339
86,0.002148656,0.0009343319,0.002049954,0.008667464,0.002816419,0.02855991,0.0371905,0.1385585,0.108324,0.2181336,0.04637244,0.1346465,0.00190672,0.0392396,0.007960041,0.005612697,0.0004663438,0.0880156,0.006626991,0.000213155,0.07752729,0.0006382487,0.04339094
87,0.002082387,0.000906549,0.002009536,0.008453889,0.002765373,0.02786493,0.03651577,0.1356755,0.1148352,0.2082767,0.04856243,0.1334276,0.001868553,0.03892829,0.008312821,0.005664183,0.0004664877,0.08885454,0.006336666,0.000212676,0.08399931,0.0006327466,0.04334793
88,0.002069151,0.0009013274,0.002016329,0.008436844,0.002780389,0.02781297,0.03671993,0.131641,0.1250124,0.1980557,0.05446389,0.1345818,0.001867852,0.0395037,0.008960262,0.005730232,0.0004596571,0.08934789,0.006224039,0.0002125831,0.08202095,0.0006129096,0.04056801
89,0.002092551,0.0009118508,0.002054445,0.008550682,0.00283902,0.02820177,0.03749992,0.1254268,0.1346273,0.1861983,0.06609648,0.1370759,0.001893398,0.04059228,0.009727793,0.005790958,0.0004490454,0.08966073,0.00620879,0.000212967,0.07584681,0.0005908988,0.03745144
90,0.002150371,0.0009370357,0.002118721,0.008771456,0.002931526,0.02897619,0.03874308,0.1194511,0.1405399,0.1718072,0.08600498,0.1407259,0.001941721,0.04198229,0.01042139,0.005796332,0.0004280612,0.0889076,0.006252642,0.0002125199,0.06605581,0.000564159,0.03428005
91,0.002273804,0.0009899258,0.002235725,0.00919934,0.003090315,0.0305081,0.04091819,0.1152729,0.142373,0.1588305,0.1078929,0.1470749,0.0020357,0.04409162,0.01101185,0.005746781,0.0003911632,0.08670953,0.006412297,0.0002113677,0.05275862,0.00052739,0.02944407
92,0.002436989,0.001059657,0.002384111,0.009743978,0.003286194,0.03251974,0.04363954,0.1110624,0.1402591,0.148253,0.1245063,0.1555081,0.002158322,0.04655072,0.01144125,0.005688611,0.0003579311,0.08498397,0.006611426,0.0002116482,0.04082793,0.000501775,0.02600724
93,0.00265165,0.001150942,0.00257188,0.0104324,0.003526376,0.03515816,0.04704246,0.1070854,0.1364257,0.1400658,0.1336004,0.1670763,0.002318608,0.04944617,0.0116437,0.005587724,0.0003185062,0.08242138,0.006845266,0.0002120987,0.03079743,0.0004776855,0.02314374
94,0.002865012,0.001241402,0.002752942,0.01108137,0.003749058,0.03781199,0.050292,0.1028613,0.131162,0.1333332,0.1351833,0.1799342,0.002479526,0.05197616,0.01153263,0.005456606,0.0002860875,0.08017538,0.006992145,0.0002135833,0.02403824,0.0004748319,0.02410711
95,0.003002913,0.001299582,0.002862578,0.01144211,0.003869194,0.03957511,0.05220847,0.09921099,0.1254843,0.1283544,0.1314468,0.1908836,0.002588324,0.05304357,0.01096882,0.005281269,0.000263334,0.07830567,0.00692388,0.0002153548,0.0210428,0.0005065603,0.03122024
96,0.002951898,0.001277623,0.002806437,0.01115998,0.003768228,0.0390223,0.05107809,0.09786349,0.1214861,0.12452,0.1259481,0.1939692,0.002564149,0.05118073,0.009868563,0.005125202,0.0002632452,0.07855114,0.00651874,0.000218067,0.02413045,0.0006009467,0.04512725
97,0.002571432,0.001109972,0.002429113,0.009735889,0.003276156,0.0339612,0.04431336,0.09983245,0.1139813,0.1225463,0.119151,0.1990048,0.002256151,0.04389454,0.008207077,0.005086726,0.0003114836,0.08129483,0.00552977,0.0002135389,0.04639873,0.0006782686,0.05421596
98,0.00225224,0.0009694186,0.002128311,0.008595905,0.002895272,0.02975925,0.0390231,0.1084221,0.1110552,0.1248068,0.1105613,0.1793037,0.001996591,0.03869854,0.007552927,0.005186249,0.000367997,0.08420899,0.004876663,0.000208943,0.08327306,0.0006891264,0.0531684
99,0.001977637,0.0008493047,0.001886084,0.007676892,0.002604321,0.02628559,0.03492206,0.1157406,0.1085916,0.1297118,0.09990301,0.1624729,0.001774012,0.03518093,0.007922681,0.005317569,0.0004196732,0.08649603,0.004407098,0.000203411,0.1161723,0.0006567473,0.04882778
100,0.001900983,0.000812884,0.00182261,0.007466256,0.002557607,0.02526157,0.03414651,0.1281646,0.1098742,0.141722,0.09343326,0.1560015,0.00170053,0.03490309,0.009554805,0.005436238,0.0004286073,0.08676574,0.004330663,0.0001992188,0.1118742,0.0005905026,0.04105236
101,0.001983322,0.0008426763,0.001897409,0.007804884,0.002701032,0.02611854,0.03593658,0.1394855,0.1124443,0.1559924,0.0912144,0.1570013,0.001743037,0.03697402,0.01206336,0.005577795,0.0004142589,0.08707061,0.004540172,0.0001978404,0.08617298,0.0005237258,0.0312998
102,0.002149352,0.0009068346,0.00203389,0.008394123,0.002924298,0.02789948,0.03878174,0.1443893,0.1148197,0.1663765,0.09222397,0.1614188,0.001844725,0.03977817,0.01430562,0.005643647,0.0003826612,0.08615219,0.004803271,0.0001970764,0.06042351,0.0004662846,0.02368479
103,0.002368763,0.0009919569,0.002199725,0.009096731,0.003176845,0.03019645,0.04203501,0.1432972,0.1168299,0.1705819,0.09506361,0.1681642,0.0019791,0.04259786,0.01560829,0.005589562,0.0003385683,0.08357681,0.005029882,0.0001954533,0.04187183,0.0004189106,0.01879148
104,0.002626763,0.001091287,0.002383675,0.009859378,0.003441547,0.03287061,0.04551854,0.138304,0.1175398,0.1700832,0.09782266,0.1777492,0.002135188,0.04532597,0.0160688,0.005446417,0.0002919734,0.0801182,0.00519917,0.0001934757,0.02922758,0.000382957,0.01631987
105,0.002903036,0.001196298,0.002571502,0.01062265,0.003698727,0.03574369,0.0489993,0.1311103,0.11602,0.1667515,0.09878639,0.1902826,0.002301382,0.0478185,0.01592786,0.005261128,0.000251473,0.07668526,0.005293499,0.0001923298,0.02074733,0.000364333,0.01647079
106,0.003132228,0.001281115,0.002712883,0.01118915,0.003879898,0.03811391,0.05154693,0.1223471,0.1130569,0.1615635,0.09756222,0.2034293,0.002436744,0.04927822,0.01515699,0.005060058,0.0002244192,0.07415025,0.005246114,0.000192885,0.01606211,0.0003786231,0.02199836
107,0.003176389,0.001292379,0.002705802,0.01115936,0.003849392,0.03844727,0.05125612,0.1146965,0.1093568,0.1558428,0.09498977,0.2110115,0.002455535,0.04813021,0.01356263,0.004894322,0.0002218694,0.07410393,0.004951365,0.0001963148,0.01692197,0.0004585387,0.03631908
108,0.002927557,0.001188808,0.002477863,0.01024451,0.003518022,0.03546304,0.04680261,0.1119066,0.1066301,0.1525141,0.09198564,0.2063057,0.002287583,0.04348646,0.01131285,0.004893924,0.0002608668,0.07851291,0.004425081,0.0002025013,0.02845728,0.0006104744,0.05358556
109,0.002826064,0.001149772,0.002410997,0.009892466,0.003388206,0.03438134,0.04523813,0.1174669,0.1104866,0.1510549,0.09004272,0.1837733,0.002242938,0.04204358,0.01022413,0.005016141,0.0002628845,0.08339556,0.004478148,0.00021265,0.04040305,0.0007379116,0.05887146
110,0.002595528,0.001058845,0.002250432,0.009163806,0.003135037,0.03181174,0.04196345,0.1174273,0.1091817,0.1432114,0.0855222,0.182461,0.002108477,0.03937058,0.009183942,0.005194888,0.000279331,0.08814979,0.004478961,0.000218164,0.06159336,0.000820426,0.05881954
111,0.002380434,0.0009731593,0.002106344,0.008499847,0.002911154,0.02942674,0.03907265,0.1214432,0.110152,0.136094,0.08324701,0.1760768,0.001977278,0.03734127,0.008646186,0.005363279,0.0002905414,0.0906259,0.004541378,0.0002184035,0.08270389,0.0008286774,0.05507994
112,0.002224795,0.0009109892,0.002012671,0.008038178,0.002763163,0.02775781,0.03719229,0.1295655,0.1144465,0.1298524,0.08325588,0.1684509,0.001882566,0.03642047,0.008650457,0.005508164,0.0002926355,0.09139396,0.004679068,0.0002161326,0.09425186,0.0007923073,0.04944115
113,0.002107387,0.000864421,0.001951079,0.007712832,0.002666174,0.02657942,0.0359604,0.1383809,0.1191896,0.124359,0.08386579,0.1602068,0.001814697,0.03618939,0.009015764,0.005633717,0.0002923325,0.09164483,0.004823226,0.0002136196,0.1004934,0.0007483278,0.04528696
114,0.002037299,0.000837412,0.001928108,0.007550176,0.002627799,0.0259793,0.03548203,0.1435856,0.1232777,0.1216651,0.08424309,0.1538586,0.0017814,0.03664346,0.00967611,0.005758116,0.0002903488,0.09194665,0.004991786,0.0002123309,0.1020512,0.000708837,0.0428677
115,0.002094611,0.0008622026,0.002011838,0.007798764,0.002734389,0.02683069,0.03698756,0.1478025,0.1277797,0.1233847,0.08509482,0.154434,0.001837172,0.03880967,0.01076475,0.005907734,0.0002719152,0.09187138,0.005383707,0.0002133176,0.08890314,0.0006609175,0.03756047
116,0.002200579,0.0009074506,0.002137955,0.008212377,0.002899602,0.02827117,0.03926761,0.1471482,0.1285288,0.1246604,0.08464737,0.15808,0.001931115,0.04161558,0.01194044,0.006100575,0.0002592352,0.09333073,0.005833233,0.0002178618,0.07663726,0.0006353268,0.03453716
117,0.002346442,0.0009695576,0.002293711,0.008739821,0.003102931,0.03014741,0.04206664,0.1453342,0.1260665,0.1245014,0.08336551,0.1646731,0.002053664,0.04464985,0.01284572,0.006247806,0.0002409085,0.09419416,0.006299259,0.000222934,0.06554887,0.0006189367,0.0334705
118,0.002522193,0.001044192,0.002470966,0.009343428,0.003331699,0.03233892,0.04523044,0.1438588,0.1204321,0.1237269,0.08151141,0.1739275,0.00219608,0.04779045,0.01346641,0.006352129,0.0002203026,0.09470299,0.00677009,0.0002283069,0.05474478,0.0006102151,0.03317958
119,0.002723823,0.001129437,0.002665749,0.01000299,0.003578748,0.03478859,0.04868241,0.1427043,0.1127742,0.1224169,0.0796523,0.1855399,0.002353935,0.05095617,0.01379965,0.006410416,0.0001982049,0.09477738,0.00724053,0.0002335982,0.04392162,0.0006061145,0.03284309
120,0.00286982,0.001192231,0.002805036,0.01045948,0.003749027,0.03656208,0.05108527,0.14011,0.1044943,0.1192037,0.07787773,0.1953613,0.00247222,0.05287661,0.01355721,0.006409592,0.0001836145,0.09511092,0.00751741,0.000238935,0.03787946,0.0006308499,0.03735319
121,0.002918885,0.001219873,0.002862133,0.01061067,0.003800445,0.03723614,0.05189373,0.1408826,0.09964307,0.1155108,0.07622538,0.1953983,0.002525024,0.05321229,0.01274482,0.006344401,0.0001791166,0.09565075,0.007635837,0.000243856,0.03603002,0.0006951825,0.04653665
122,0.002839507,0.001193734,0.002799537,0.01033119,0.003694664,0.03628309,0.05052608,0.1405592,0.1006374,0.111421,0.07396283,0.1969695,0.002478086,0.05141024,0.01155119,0.006240032,0.0001822125,0.09612537,0.007506992,0.0002451668,0.03860586,0.0007636357,0.05367339
123,0.00270671,0.001144265,0.002688643,0.0098796,0.003527588,0.03462586,0.04830914,0.1420872,0.1059949,0.111717,0.07163836,0.1932553,0.00238724,0.04889907,0.01042106,0.006164143,0.0001901369,0.09645881,0.007334178,0.0002439823,0.04402941,0.0008081843,0.05548916
124,0.002534783,0.001077507,0.002543519,0.009308614,0.003319737,0.03248712,0.04551402,0.1429625,0.1149042,0.1168246,0.06895132,0.1841701,0.002264284,0.04600647,0.00943576,0.006096636,0.0002011094,0.09620547,0.007120261,0.0002399817,0.05261213,0.000825109,0.05439473
125,0.002354851,0.001006551,0.002393204,0.008723954,0.003110146,0.03028355,0.04267355,0.1429551,0.1250778,0.1228838,0.06629159,0.1722848,0.002134494,0.04328745,0.008695265,0.006044864,0.0002140708,0.09549813,0.006903401,0.0002343643,0.06376809,0.0008193529,0.0523617
126,0.002249365,0.0009662292,0.00231481,0.008393727,0.002995945,0.02899946,0.04116645,0.1475293,0.1309865,0.1283538,0.06476223,0.1634393,0.002059539,0.04200387,0.008408302,0.00603474,0.0002208462,0.09435754,0.006882024,0.0002293321,0.06906089,0.0007855888,0.04780035
127,0.002239352,0.0009661614,0.002329056,0.008389683,0.003001529,0.028891,0.04133709,0.1556339,0.1315818,0.1320608,0.06418724,0.1595468,0.002059008,0.04238775,0.008516971,0.006085895,0.0002196065,0.09350247,0.00710074,0.0002270899,0.06707536,0.0007434234,0.04191732
128,0.002307229,0.0009995062,0.002418628,0.008648676,0.003102649,0.02974384,0.0428532,0.1629289,0.1290345,0.1326747,0.06384581,0.1603668,0.002121007,0.04403242,0.008839414,0.006175488,0.0002125432,0.09311014,0.007492721,0.0002277795,0.06111414,0.0007071238,0.03704288
129,0.002426028,0.001055147,0.002555678,0.009070732,0.003261793,0.03121959,0.04520231,0.1682139,0.1249044,0.1298618,0.06309031,0.1649731,0.002224153,0.04635281,0.009170732,0.006255461,0.0002007252,0.09271348,0.007962673,0.000230156,0.05411189,0.0006812543,0.03426198
130,0.002576724,0.001125018,0.002720742,0.009584604,0.00345254,0.0330787,0.04802978,0.1715216,0.1204741,0.1234706,0.06221445,0.1725844,0.002352446,0.04896165,0.00940647,0.006300526,0.0001856124,0.0920696,0.008451743,0.0002332869,0.04727408,0.0006656994,0.03326589
131,0.002700122,0.001183738,0.002856573,0.009998888,0.003604162,0.03463261,0.05031924,0.1717045,0.1164214,0.1141031,0.06101164,0.1802338,0.002462949,0.05092018,0.009398958,0.006302958,0.000174114,0.09174968,0.008791779,0.0002370772,0.04394109,0.0006766871,0.03657484
132,0.002715002,0.001195832,0.002884132,0.01005451,0.003621718,0.03490666,0.05068205,0.1694954,0.1142092,0.1035166,0.05933456,0.1835502,0.002494473,0.05099829,0.009015031,0.006264208,0.0001721052,0.09233533,0.008783224,0.0002407592,0.04700137,0.0007288511,0.04580062
133,0.002593986,0.001137527,0.002754963,0.009600063,0.003463613,0.03330266,0.04845011,0.1651781,0.1153889,0.09376631,0.05700641,0.1883507,0.002401406,0.04849822,0.008415323,0.00623571,0.0002033452,0.0936363,0.008284142,0.0002401693,0.05781846,0.0007671131,0.05250653
134,0.00245228,0.001070806,0.002612864,0.009108423,0.003294381,0.0314992,0.04601953,0.163903,0.1172656,0.09160204,0.05534434,0.1778685,0.002294528,0.04612833,0.008061316,0.006306536,0.000248728,0.09620765,0.007834769,0.0002405505,0.07483797,0.0007967455,0.05500192
135,0.002281612,0.0009921758,0.002447284,0.008537106,0.003100798,0.02939036,0.04322063,0.1596804,0.120624,0.09566835,0.05498049,0.1654856,0.002160631,0.04370023,0.007951252,0.006354811,0.000299385,0.09780274,0.007373452,0.0002375582,0.09296064,0.0007939705,0.05395648
136,0.002102481,0.0009107671,0.002276842,0.007950111,0.002906025,0.02723068,0.04038166,0.1535454,0.1245941,0.1064779,0.05622594,0.1523999,0.002015998,0.04145783,0.008132458,0.006347919,0.000347799,0.09795236,0.00691376,0.0002312573,0.1076925,0.0007632238,0.05114298
137,0.001975527,0.0008525636,0.002160251,0.007547887,0.002782479,0.02572545,0.03853112,0.1492808,0.1286576,0.121506,0.05823959,0.1423611,0.001910706,0.04025317,0.008748013,0.006327015,0.000384091,0.09718049,0.006609255,0.0002244968,0.1111499,0.0007138335,0.04687868
138,0.001964013,0.0008441298,0.002158824,0.00753835,0.002805498,0.02558469,0.03873398,0.1485628,0.1358891,0.1333539,0.06092595,0.138713,0.001897639,0.04095533,0.009852712,0.006357155,0.0003987729,0.09630246,0.006634242,0.0002206317,0.09896191,0.0006573233,0.04068767
139,0.002059114,0.0008811185,0.002260483,0.007877908,0.002958295,0.02666801,0.04075325,0.1478143,0.1457587,0.1390606,0.06354883,0.1406337,0.001969525,0.04323583,0.01115489,0.006420011,0.0003935126,0.09537144,0.006926556,0.0002196175,0.07969577,0.0006036253,0.03373482
140,0.002223619,0.0009473683,0.002425345,0.008429152,0.003189574,0.02852066,0.0438724,0.1461198,0.153669,0.1397126,0.06488638,0.1463769,0.002094728,0.04634145,0.01235092,0.006485061,0.0003811842,0.09490707,0.007345706,0.000220957,0.06022434,0.0005632231,0.02871251
141,0.002440952,0.001035413,0.002632402,0.009116642,0.003468887,0.03092811,0.04769217,0.1433684,0.1580605,0.1369128,0.06447668,0.1550876,0.002259111,0.04979721,0.01311331,0.006489994,0.0003571601,0.09354236,0.007799679,0.0002227191,0.04525216,0.0005315533,0.02541402
142,0.002635314,0.001113714,0.002808162,0.009699609,0.003703198,0.03306669,0.05090349,0.1388326,0.1574793,0.1315952,0.0618444,0.1637608,0.002407906,0.05240495,0.01324403,0.006440937,0.0003400513,0.09252457,0.008072702,0.000225692,0.0379275,0.000533809,0.02843539
143,0.002725272,0.001148594,0.002875615,0.009927536,0.003795523,0.03399848,0.0521289,0.1357271,0.1525813,0.1255609,0.05762487,0.1689965,0.002479612,0.05293786,0.01265022,0.006359077,0.0003401487,0.09271313,0.008011216,0.0002296817,0.03757384,0.0005857315,0.03902896
144,0.002732246,0.001148419,0.002860819,0.009880969,0.003780933,0.03390612,0.05186729,0.1378988,0.1458433,0.1210851,0.05316161,0.1714321,0.002483783,0.05203559,0.01181546,0.006322677,0.0003563941,0.09437242,0.007806624,0.0002337218,0.0408005,0.0006536317,0.04752148
145,0.002697623,0.001130498,0.002793739,0.009685598,0.003708457,0.03315546,0.05073142,0.1414371,0.1353362,0.1211893,0.0489293,0.176477,0.002442495,0.05030254,0.01108708,0.006372437,0.0003946224,0.09650134,0.007468507,0.0002362024,0.04747485,0.0006915267,0.04975681
146,0.002592651,0.001084118,0.002668118,0.00929958,0.003564098,0.03167748,0.04856531,0.1449876,0.1259368,0.1208898,0.04760283,0.1707473,0.002351953,0.04786434,0.01045069,0.006477329,0.0004467652,0.09962541,0.007063105,0.0002387534,0.06268981,0.0007327799,0.05244348
147,0.00247183,0.001030915,0.002532472,0.008870132,0.003407699,0.03003667,0.04625465,0.1492146,0.11945,0.12383,0.04969756,0.1638944,0.002243405,0.04551844,0.01011817,0.006501327,0.0004838706,0.1004264,0.006693558,0.0002362417,0.07504085,0.0007294413,0.05131751
148,0.002370289,0.0009857881,0.002420892,0.008516761,0.003284556,0.0286602,0.04441343,0.1528641,0.1159178,0.1287969,0.05537193,0.1572641,0.002148208,0.04378954,0.01015668,0.00648457,0.0005059941,0.09993318,0.006413642,0.0002315604,0.08112554,0.0007003168,0.04764414
