"<HEADER software/>"
EwEVersion,"6.7.0.17868 (compiled 5/31/2022)"
Date,"7/27/2023 4:35:40 PM"
"<HEADER ecopath/>"
ModelName,1
"<HEADER ecosim/>"
EcosimScenario,spa_01_adjTry3
TimeSeries,TS_updated_IB13
StartYear,1980
"<HEADER end/>"

Data,"Prey of Butterfish"

timestep\group,"Pink shrimp","Brown shrimp","White shrimp","Sessile epifauna","Mobile epifauna",Zooplankton,Infauna,Algae,Seagrass,Phytoplankton,Detritus,
1,0.001480201,0.0003970724,0.002411691,0.1759853,0.09316094,0.3467922,0.1008373,0.05622757,0.05544421,0.0807997,0.0864638
2,0.00139198,0.0003864431,0.00225887,0.1627833,0.08531178,0.3682009,0.09319971,0.06161635,0.05585332,0.08469439,0.08430296
3,0.001245996,0.0003653149,0.002023926,0.1426522,0.07346739,0.4095656,0.08337606,0.06910621,0.05009345,0.08837164,0.07973222
4,0.001267905,0.0003807883,0.002045816,0.1429412,0.07119271,0.4367929,0.08071335,0.06599082,0.04395093,0.07741936,0.07730415
5,0.00138714,0.0004168982,0.002218354,0.1556392,0.07424044,0.4408719,0.08222272,0.05956952,0.04133839,0.06577131,0.07632426
6,0.001617381,0.0004714451,0.00255379,0.183225,0.08361521,0.4176534,0.08790022,0.05136256,0.03923251,0.05520662,0.07716174
7,0.001907192,0.0005328106,0.002980639,0.2207437,0.0967902,0.3680511,0.09565622,0.04593237,0.039382,0.04936277,0.07866102
8,0.002124476,0.0005715221,0.003306186,0.2534136,0.1077659,0.3067774,0.101515,0.04620784,0.04588728,0.0513888,0.08104196
9,0.002318596,0.0005935162,0.00358796,0.2875095,0.1196524,0.2490887,0.1070581,0.04435555,0.04972354,0.05239909,0.08371309
10,0.00246046,0.0006014437,0.00380033,0.3189297,0.1309384,0.192236,0.1124275,0.04297984,0.05412421,0.05496385,0.08653832
11,0.002417888,0.0005743609,0.00375132,0.3279909,0.1342942,0.1444544,0.1144138,0.04716035,0.0659037,0.06726959,0.09176955
12,0.002601407,0.0005763352,0.004007065,0.3730241,0.1520916,0.1033894,0.1219305,0.03739611,0.05541046,0.05684967,0.09272339
13,0.002351576,0.0005075676,0.003672105,0.3552526,0.1539381,0.07455391,0.120697,0.04317611,0.07155541,0.07993364,0.09436204
14,0.001934009,0.0004175474,0.003072868,0.3045858,0.1357877,0.05993684,0.1164073,0.05835159,0.09055362,0.1239297,0.105023
15,0.001784235,0.0003902933,0.002881601,0.2881581,0.1328644,0.05700263,0.1227959,0.06002638,0.08449694,0.1360353,0.1135643
16,0.001564977,0.0003622251,0.002577338,0.2518797,0.121473,0.06750856,0.1251106,0.06953207,0.08104657,0.1631752,0.1157698
17,0.001370225,0.00034466,0.002285067,0.2132612,0.107338,0.1066515,0.1228599,0.08083339,0.06598665,0.186669,0.1124004
18,0.001317947,0.0003495216,0.002180247,0.1958621,0.1009612,0.1896191,0.1192719,0.07435583,0.04908985,0.1639802,0.1030121
19,0.001323626,0.0003568867,0.002146982,0.18813,0.09759846,0.2780329,0.1132907,0.06147172,0.03947979,0.1272246,0.09094442
20,0.001420929,0.0003732259,0.002243656,0.1964048,0.1011672,0.3281611,0.1109316,0.04837338,0.0337155,0.09541697,0.0817917
21,0.001564207,0.0003916791,0.002407644,0.2140762,0.1089082,0.3404222,0.1110106,0.0394396,0.03082414,0.07579994,0.07515555
22,0.001579014,0.0003833705,0.002396781,0.216019,0.1090322,0.3312002,0.1063196,0.04220835,0.03890007,0.079123,0.07283843
23,0.001634162,0.0003801344,0.002448332,0.2261977,0.1135379,0.3157526,0.1056906,0.04105002,0.0423963,0.07701846,0.07389376
24,0.001522194,0.000352643,0.002283387,0.2124088,0.107011,0.3070191,0.1002004,0.04839334,0.05252705,0.09139593,0.07688618
25,0.001304404,0.0003016355,0.001977077,0.1837694,0.1081691,0.3152512,0.09412083,0.05116414,0.05225242,0.1148753,0.07681444
26,0.001231015,0.0002890725,0.001886554,0.1724214,0.1032498,0.3215722,0.09588155,0.0536022,0.04968195,0.1206789,0.07950527
27,0.001185042,0.0002846114,0.001830158,0.1628258,0.09904449,0.3383128,0.09707426,0.0543025,0.04583408,0.1199228,0.07938343
28,0.001222625,0.0002951903,0.001884702,0.1644038,0.1008511,0.3514284,0.1006302,0.05035862,0.04171609,0.108585,0.07862432
29,0.001218622,0.0002977185,0.00187519,0.1595488,0.09860493,0.3605005,0.1004622,0.05136688,0.04138012,0.1079598,0.07678513
30,0.001277877,0.0003099834,0.001949601,0.163779,0.101421,0.3623917,0.102924,0.0489134,0.03986209,0.1006319,0.07653936
31,0.001400991,0.0003308889,0.002109449,0.1774566,0.1096735,0.3547728,0.10834,0.04338731,0.0376376,0.08885136,0.07603955
32,0.001518882,0.0003465349,0.002258617,0.1919674,0.1184104,0.3357548,0.1130995,0.04010324,0.03799342,0.08327644,0.07527066
33,0.001655939,0.0003587348,0.002426823,0.2117607,0.1302332,0.3089174,0.1186968,0.03611896,0.03768166,0.07747873,0.0746711
34,0.001728839,0.0003559253,0.00250803,0.2257769,0.1388859,0.2770494,0.1218105,0.03540247,0.04133234,0.08024529,0.07490449
35,0.001487785,0.0003033979,0.002169937,0.1972518,0.1231517,0.2502356,0.1120663,0.05092317,0.05864273,0.1234986,0.08026887
36,0.001306027,0.0002735445,0.001936065,0.1726657,0.1103966,0.2572928,0.107999,0.05988447,0.05634896,0.1452833,0.08661348
37,0.001224748,0.0002812561,0.00183953,0.1561335,0.09000095,0.3121526,0.1037253,0.06631767,0.04912216,0.1320335,0.08716883
38,0.0011493,0.0002845895,0.001734417,0.1401012,0.08100948,0.3855607,0.09517532,0.06277608,0.04023466,0.1121919,0.07978229
39,0.001091715,0.0002890444,0.001650323,0.1267884,0.07253779,0.4460044,0.08629922,0.06143614,0.03483351,0.09686443,0.07220498
40,0.001073583,0.0002990359,0.00162014,0.1193286,0.06656802,0.4867704,0.07947481,0.06139208,0.03133952,0.08513815,0.06699575
41,0.001109285,0.0003189103,0.001667465,0.1192523,0.06406247,0.5077695,0.07590842,0.06076678,0.02956601,0.07524484,0.06433401
42,0.001277156,0.0003644654,0.001900509,0.1353357,0.0695613,0.5019507,0.0791329,0.05404735,0.02903533,0.06224057,0.06515411
43,0.001563211,0.0004272559,0.002290302,0.1664668,0.08204553,0.4735892,0.08701362,0.0441789,0.02670388,0.04952077,0.06620065
44,0.001959848,0.0005053116,0.002834555,0.213189,0.1012406,0.4123192,0.09860135,0.03661088,0.02453746,0.04100858,0.06719306
45,0.002328275,0.0005616868,0.003332836,0.2626177,0.1212141,0.335605,0.1084408,0.03353995,0.02654255,0.03878775,0.06702941
46,0.002370405,0.0005450842,0.003388747,0.2795666,0.1270463,0.2626241,0.10926,0.042512,0.04530337,0.05551587,0.07186753
47,0.001952963,0.0004535231,0.002837063,0.2392104,0.1092253,0.2147825,0.1011977,0.0675454,0.07312363,0.1029655,0.08670588
48,0.001865427,0.0004464854,0.00276434,0.2337354,0.1077548,0.1945257,0.107276,0.07106295,0.0685242,0.1125303,0.09951445
49,0.001760754,0.0004171321,0.002659943,0.2236734,0.1175518,0.1943571,0.1136686,0.06495482,0.06037676,0.1208282,0.09975161
50,0.001674337,0.0003989368,0.002569251,0.2123379,0.11438,0.1916052,0.1187989,0.06810569,0.05795182,0.1319554,0.1002227
51,0.001602563,0.0003849599,0.002478799,0.2006892,0.1105747,0.2004656,0.1209752,0.07099795,0.05286618,0.1395925,0.09937236
52,0.001556334,0.0003771543,0.002409912,0.1907928,0.1070345,0.2232552,0.1211019,0.07127053,0.04636842,0.1394818,0.09635138
53,0.001558428,0.000377073,0.002397971,0.1866282,0.1058234,0.2521967,0.1206627,0.06741349,0.04084547,0.1299159,0.09218069
54,0.001637338,0.0003870475,0.00248664,0.1927242,0.1095904,0.2742211,0.1220971,0.05913271,0.03705423,0.1125743,0.08809502
55,0.001802191,0.0004046737,0.002686982,0.2112984,0.119717,0.2802052,0.1265219,0.04824385,0.03316274,0.09217536,0.08378164
56,0.002013994,0.0004201192,0.002943133,0.2390359,0.1344518,0.2671959,0.1321828,0.03854585,0.02938824,0.07518595,0.07863637
57,0.002059171,0.0004032817,0.002974342,0.2498557,0.1401473,0.2392927,0.1310143,0.03975651,0.03670192,0.08136755,0.07642724
58,0.001871098,0.0003518067,0.002695509,0.2328227,0.1313801,0.214777,0.1227349,0.05069353,0.05206578,0.1097847,0.08082294
59,0.001718221,0.0003183808,0.002491544,0.2176938,0.1246357,0.206313,0.1198033,0.05669257,0.05630312,0.1260078,0.08802264
60,0.00156326,0.0002941108,0.002295899,0.1988095,0.1163421,0.2180719,0.1176717,0.06125602,0.05538256,0.1369672,0.09134556
61,0.001509471,0.0003046842,0.002231308,0.1899769,0.1087012,0.2457514,0.1175194,0.06135632,0.05136141,0.129024,0.09226391
62,0.001357035,0.0002985322,0.002024667,0.1665927,0.0972136,0.2945046,0.1094495,0.06471261,0.04657388,0.1300096,0.0872632
63,0.00127945,0.000302101,0.001913975,0.1522075,0.08979182,0.3479876,0.1030282,0.06296628,0.04014046,0.1183952,0.08198749
64,0.001285482,0.0003179763,0.001915774,0.1482597,0.0875785,0.3881269,0.09996462,0.05754701,0.03609507,0.1014108,0.07749828
65,0.001369016,0.0003449665,0.002022332,0.1543524,0.09063381,0.4041124,0.1006258,0.05123165,0.03435473,0.0861463,0.07480661
66,0.001537016,0.0003829742,0.002240631,0.1718643,0.09992422,0.3943068,0.1055038,0.04434055,0.03304938,0.07319009,0.0736602
67,0.001754586,0.0004237943,0.002522184,0.1975704,0.1137455,0.3621334,0.1127045,0.03882658,0.03259965,0.06464988,0.07306947
68,0.001928022,0.000449422,0.002743977,0.2213647,0.126712,0.315028,0.1184493,0.03764985,0.03671883,0.06519204,0.07376399
69,0.001965867,0.0004446959,0.002786059,0.2320098,0.1329221,0.2662469,0.1200408,0.04158935,0.04697262,0.07750703,0.07751486
70,0.001776739,0.0004023785,0.002539343,0.2146347,0.1246302,0.2283743,0.1155056,0.05423111,0.06243807,0.1095957,0.08587186
71,0.001546201,0.0003651086,0.002256386,0.1877517,0.1117843,0.2200114,0.1121297,0.06691153,0.06408001,0.1392245,0.0939393
72,0.001569774,0.0003795201,0.002313624,0.1900657,0.1154329,0.2294633,0.1187439,0.06124594,0.05534874,0.1278693,0.09756726
73,0.001497776,0.0003738709,0.002225369,0.1779293,0.1098245,0.2527165,0.1180406,0.06205108,0.05237462,0.128447,0.09451924
74,0.00145047,0.0003696704,0.002156472,0.1684785,0.1057109,0.2803281,0.1155965,0.06144853,0.04844278,0.1247467,0.09127143
75,0.001436723,0.0003708721,0.002128272,0.1628911,0.1033126,0.3094051,0.1132737,0.05875586,0.04481585,0.1160106,0.0875992
76,0.0014467,0.0003749639,0.002129149,0.1603937,0.1022985,0.3335823,0.1111724,0.05552916,0.04252021,0.1064486,0.0841045
77,0.001416739,0.0003699823,0.002075573,0.1536682,0.09832795,0.3547773,0.1066107,0.05592111,0.04244833,0.1034954,0.0808887
78,0.00148649,0.0003832836,0.00215625,0.1590168,0.1015334,0.3653585,0.1073021,0.05092017,0.04035984,0.09179767,0.07968567
79,0.001665255,0.0004126987,0.002376541,0.1781107,0.1129607,0.3607221,0.1131648,0.0417218,0.03588668,0.07512118,0.07785758
80,0.001863653,0.000440133,0.002621901,0.2018022,0.1271392,0.3354205,0.119705,0.03572842,0.034185,0.06559573,0.07549831
81,0.001688453,0.0003940627,0.002378315,0.1851358,0.1173502,0.3042368,0.111109,0.04984557,0.05321854,0.09654409,0.07809901
82,0.00152839,0.0003604509,0.002173763,0.1685042,0.1082065,0.2994961,0.1064628,0.05786999,0.05680036,0.114046,0.08455147
83,0.001395976,0.0003404885,0.002014477,0.1524154,0.09951179,0.3213545,0.1034142,0.06137095,0.0531172,0.1190281,0.08603688
84,0.001393269,0.0003466347,0.002023035,0.1497757,0.09885219,0.3474066,0.1047219,0.056495,0.04723747,0.1065563,0.08519167
85,0.001399242,0.0003392058,0.002037153,0.1474358,0.09686479,0.3677485,0.10457,0.05406604,0.0451409,0.09766553,0.08273277
86,0.001317778,0.0003178159,0.001928176,0.1354308,0.08955817,0.3889429,0.09880497,0.05815798,0.04539277,0.1005094,0.07963921
87,0.001307343,0.0003125294,0.001913586,0.1310652,0.08674347,0.4090869,0.09629416,0.05760745,0.04281029,0.09464626,0.07821275
88,0.001399776,0.000325926,0.002036512,0.1377661,0.09070834,0.4178928,0.09871902,0.05171599,0.04000255,0.08196401,0.07746888
89,0.001518587,0.0003418049,0.002193856,0.1478679,0.09669808,0.4112107,0.1021693,0.04750499,0.03974385,0.07397685,0.07677417
90,0.001664987,0.0003569127,0.002382938,0.1622361,0.105369,0.3910621,0.1068506,0.04394953,0.04046543,0.06868629,0.07697613
91,0.001904452,0.0003762721,0.002681195,0.1888433,0.1215309,0.3622121,0.1152379,0.0363534,0.03640758,0.05817467,0.07627819
92,0.002110108,0.0003853866,0.002941384,0.2152172,0.137692,0.3171561,0.1227229,0.03312272,0.03754361,0.05569499,0.07541364
93,0.002294436,0.0003796274,0.003157892,0.244443,0.1554433,0.2695068,0.1293306,0.02965332,0.03797086,0.05352984,0.07429022
94,0.002258008,0.0003436374,0.003095709,0.2529974,0.1610684,0.2164547,0.129557,0.03409066,0.05216786,0.06998268,0.07798395
95,0.001944848,0.0002814835,0.002690648,0.2284763,0.1476465,0.1722637,0.1229976,0.04705584,0.07598945,0.1107782,0.08987539
96,0.001499967,0.0002236299,0.00214506,0.1797909,0.1207888,0.1595967,0.1159644,0.06701805,0.08386967,0.1658583,0.1032445
97,0.001264885,0.000224826,0.001886218,0.1454288,0.08892173,0.2307059,0.1112071,0.08441994,0.0635284,0.1670228,0.1053894
98,0.001128467,0.0002324227,0.001709662,0.1219235,0.07567129,0.3601052,0.09886729,0.07614736,0.04295516,0.1308227,0.09043704
99,0.001072759,0.0002457532,0.001628177,0.1086214,0.06680163,0.4555509,0.08735856,0.0682355,0.03387401,0.09960726,0.07700399
100,0.001238934,0.0002835358,0.001845076,0.1209482,0.07236999,0.485266,0.0887339,0.05412934,0.02988619,0.07216047,0.0731383
101,0.001611294,0.0003473624,0.00234693,0.1554784,0.08993973,0.4677668,0.09975493,0.0389178,0.02243918,0.05071523,0.07068235
102,0.002066386,0.0004066909,0.002943296,0.2015747,0.1134913,0.415485,0.1125695,0.02881463,0.01736934,0.03748721,0.06779197
103,0.002431098,0.0004274344,0.003391772,0.2449801,0.1352862,0.3460621,0.1201335,0.02714774,0.02005245,0.03619623,0.06389143
104,0.002664803,0.0004146637,0.003657645,0.2822721,0.1537332,0.2773037,0.1235442,0.02760913,0.02648781,0.03989227,0.06242058
105,0.002703836,0.0003751383,0.003677305,0.3045689,0.1646289,0.2120525,0.1234577,0.03107169,0.04004139,0.05125079,0.06617183
106,0.002382987,0.0003067785,0.003258331,0.285659,0.1554224,0.1545394,0.1175686,0.04323089,0.07159594,0.08504906,0.08098668
107,0.001779414,0.0002341427,0.002513866,0.2220313,0.12499,0.1286455,0.1099205,0.06454755,0.0985636,0.1435511,0.103223
108,0.001308073,0.0002023914,0.001958087,0.1608329,0.09594058,0.1609865,0.1075871,0.08737584,0.08193061,0.1899136,0.1119643
109,0.001127958,0.0001715879,0.001749775,0.1343975,0.10049,0.2279782,0.1094071,0.07619219,0.0555542,0.1894446,0.1034868
110,0.001045217,0.0001631353,0.001654885,0.1165781,0.09132448,0.3078645,0.1088398,0.07081234,0.04181274,0.1673904,0.09251433
111,0.00102244,0.0001607734,0.001612041,0.105981,0.08498099,0.3842462,0.1041624,0.06369179,0.03339362,0.1386647,0.0820839
112,0.001069962,0.0001650012,0.001656515,0.103811,0.0836036,0.4353274,0.1014783,0.05596419,0.02973621,0.1121107,0.07507705
113,0.001120919,0.000168832,0.001701388,0.1027659,0.08232588,0.4624386,0.09817235,0.05299538,0.02990402,0.0979683,0.07043841
114,0.001182621,0.0001730946,0.001762045,0.1036834,0.08223952,0.4719618,0.09599074,0.05230617,0.03167925,0.09019557,0.06882597
115,0.001396713,0.0001866029,0.002026669,0.1199184,0.0935373,0.4654755,0.1030272,0.04334573,0.02906978,0.07259774,0.06941839
116,0.001584016,0.0001953806,0.002261152,0.1346634,0.1037526,0.4357921,0.1087688,0.04147559,0.03251117,0.06889337,0.07010237
117,0.001732946,0.0001939582,0.002437797,0.1480581,0.113144,0.3972298,0.1131935,0.04192435,0.03829007,0.07122204,0.07257328
118,0.001874177,0.000188673,0.002607182,0.162642,0.1237716,0.3543776,0.1187114,0.04181992,0.0433363,0.07414325,0.07652784
119,0.002021976,0.0001814691,0.0027894,0.1797753,0.136704,0.3069104,0.1260557,0.04081045,0.04721102,0.07655784,0.08098246
120,0.001936328,0.0001610104,0.002680989,0.1761512,0.1354542,0.2564119,0.1256587,0.04980266,0.06210555,0.1014244,0.08821313
121,0.001673377,0.0001371316,0.002354008,0.1545026,0.1274149,0.2247878,0.1208983,0.06175276,0.07005397,0.1404727,0.09595232
122,0.001510142,0.0001279994,0.002170628,0.1386689,0.1182673,0.2223707,0.1218528,0.0688597,0.06489968,0.1597299,0.1015424
123,0.001438886,0.0001288305,0.002100931,0.12917,0.1137923,0.2451991,0.124389,0.06851628,0.05584859,0.1581605,0.1012556
124,0.001380684,0.0001322011,0.002032919,0.1196333,0.1083314,0.2835853,0.1232064,0.0666332,0.04803126,0.1507352,0.09629814
125,0.001322964,0.0001359933,0.00195017,0.1098549,0.1014682,0.3296577,0.1182362,0.06494153,0.04159491,0.1412531,0.08958439
126,0.001370954,0.0001456306,0.002000125,0.1096778,0.102112,0.3671688,0.1176732,0.05764007,0.03681095,0.1205113,0.08488918
127,0.001506197,0.0001577616,0.002159219,0.1175363,0.1093429,0.3856355,0.1213142,0.04845791,0.03354111,0.09925127,0.08109763
128,0.00166625,0.0001664618,0.002344132,0.1286586,0.1191695,0.3817804,0.1258005,0.04246598,0.03299714,0.08681872,0.07813232
129,0.001798961,0.0001675572,0.002487835,0.1393882,0.1285766,0.3609556,0.1291784,0.04035256,0.03600643,0.08406284,0.07702508
130,0.001893319,0.0001619021,0.002581543,0.1489476,0.1371029,0.3317423,0.1318995,0.04003332,0.04082411,0.08666819,0.07814536
131,0.0018187,0.0001458307,0.00247023,0.1456495,0.1349319,0.2986187,0.1287427,0.04661296,0.05225462,0.1062544,0.08250043
132,0.001563487,0.0001246869,0.002150366,0.1260081,0.1192454,0.2779654,0.1199458,0.06055815,0.06162507,0.1414507,0.0893628
133,0.001440235,0.0001363264,0.002017939,0.1137245,0.1030701,0.2962806,0.1168221,0.06923288,0.0572188,0.1452545,0.0948021
134,0.001328933,0.0001521373,0.001891639,0.1011937,0.09372567,0.3481735,0.1107006,0.06875436,0.04772971,0.1357459,0.09060396
135,0.001265016,0.0001729904,0.001816606,0.09208803,0.08632799,0.4033689,0.1042115,0.06593898,0.04031901,0.1205268,0.08396419
136,0.001236446,0.0001966397,0.001780226,0.0859208,0.08061564,0.4482611,0.09801985,0.06370047,0.03565443,0.1067413,0.07787306
137,0.001290509,0.0002274023,0.001849514,0.08626334,0.0801367,0.4737531,0.09600132,0.05963994,0.03356378,0.09252739,0.07474714
138,0.001487997,0.0002709341,0.00210326,0.09732834,0.08885626,0.4758936,0.1014464,0.05084328,0.03164393,0.07567686,0.07444908
139,0.001801081,0.0003204459,0.002496503,0.1175431,0.1052249,0.4559408,0.1116562,0.04138083,0.02851875,0.06113429,0.07398318
140,0.002145417,0.0003660423,0.002929629,0.1419034,0.1250059,0.406833,0.122856,0.03746131,0.02993199,0.0563123,0.07425506
141,0.002440186,0.0003897985,0.003281733,0.1663377,0.1446968,0.3510447,0.1317782,0.03549946,0.03357958,0.05625378,0.07469804
142,0.002347589,0.0003597628,0.003146635,0.1659014,0.1441254,0.2892011,0.1282853,0.04674938,0.05538793,0.08347578,0.08101949
143,0.001964472,0.0003050138,0.002672449,0.1426671,0.125936,0.2459974,0.1193077,0.06494389,0.07432146,0.1276314,0.09425317
144,0.001759061,0.0002878121,0.00244986,0.1288279,0.116585,0.2430135,0.1199033,0.07112481,0.06970564,0.1429891,0.1033539
145,0.001734491,0.000311779,0.002450846,0.125698,0.1109254,0.2662147,0.1241062,0.06894323,0.06270574,0.1310388,0.1058708
146,0.00156596,0.000313518,0.002247352,0.1106822,0.09969539,0.3125676,0.116809,0.07081389,0.05625673,0.1299348,0.09911361
147,0.00151418,0.0003271172,0.002182427,0.1040799,0.0947144,0.359235,0.112017,0.06693118,0.04926982,0.1162965,0.09343255
148,0.001541931,0.0003492432,0.002217225,0.1032978,0.0941572,0.3938841,0.1097985,0.06078113,0.04502109,0.100389,0.08856261
149,0.001618491,0.0003747307,0.002312941,0.1064206,0.09659424,0.410194,0.1094101,0.05568298,0.04361375,0.08845436,0.08532364
150,0.001698915,0.0003964048,0.002412665,0.1104969,0.09969154,0.4112248,0.1093688,0.05334481,0.04499292,0.0825652,0.08380714
151,0.001697675,0.000400877,0.002407254,0.1096679,0.09856454,0.4067365,0.1064677,0.0559568,0.04943293,0.08510706,0.08356062
152,0.001883072,0.000433629,0.002642252,0.1221737,0.108985,0.3958757,0.1122728,0.04911325,0.04655685,0.07464235,0.08542123
153,0.002059159,0.0004631551,0.002873445,0.1349448,0.119761,0.3725303,0.1183211,0.04539223,0.0473047,0.07031155,0.08603869
154,0.002061147,0.0004574139,0.002876903,0.1369768,0.1217257,0.3423015,0.1183329,0.04974453,0.05664678,0.0805677,0.08830865
155,0.001775722,0.0004042684,0.00250941,0.1188451,0.1069246,0.3277052,0.1090305,0.06443157,0.06730945,0.10897,0.09209419
156,0.001564168,0.0003754063,0.00224969,0.1038583,0.09473149,0.3498293,0.1032516,0.07144535,0.06054629,0.1188903,0.09325822
157,0.001451285,0.0003382615,0.002111749,0.09625833,0.1064717,0.3792386,0.1035185,0.0587756,0.04760813,0.1170979,0.0871299
158,0.001459919,0.00033416,0.002141904,0.09573463,0.1074604,0.3824271,0.1095282,0.05642777,0.04489403,0.1138805,0.0857114
159,0.001456043,0.0003262096,0.002139735,0.09412984,0.1069214,0.3817697,0.1123562,0.05685539,0.04399705,0.1154254,0.08462312
160,0.00145718,0.00031957,0.002137112,0.09267874,0.1063307,0.3824494,0.114091,0.057332,0.04294473,0.1162081,0.08405149
161,0.001505332,0.0003210227,0.002193959,0.09432797,0.1089602,0.3832681,0.1174719,0.05515649,0.04141924,0.1114438,0.08393188
162,0.001559739,0.0003226824,0.002255934,0.09652729,0.1121112,0.3803659,0.1205666,0.05339052,0.04121897,0.1080641,0.08361711
163,0.001581531,0.0003182394,0.002272016,0.09686817,0.113194,0.373789,0.1216598,0.05402433,0.04265745,0.1099886,0.08364668
164,0.001655568,0.0003208243,0.002356601,0.1009219,0.1184162,0.3662099,0.1256502,0.05150751,0.042419,0.1059216,0.0846207
165,0.001690161,0.0003167732,0.002389943,0.1027988,0.1213427,0.3553602,0.127775,0.05135774,0.04432563,0.1074655,0.08517753
166,0.001743657,0.0003141337,0.002447772,0.1063428,0.12625,0.3425957,0.1312576,0.05004589,0.04539739,0.1070695,0.08653558
167,0.001697521,0.000298239,0.002379189,0.1037024,0.1244564,0.3285852,0.1302013,0.05364647,0.0494584,0.1176687,0.08790626
168,0.001732411,0.0002941868,0.00241886,0.1063287,0.1288587,0.3194239,0.1340616,0.05177201,0.04879413,0.1160025,0.09031295
169,0.001653484,0.0002967415,0.00231868,0.09975123,0.1080734,0.3180016,0.1284022,0.06534599,0.05628989,0.1253596,0.09450728
170,0.001491092,0.0002869829,0.002108598,0.08783256,0.09658758,0.355651,0.1168245,0.06975345,0.05064461,0.1269515,0.09186811
171,0.001397832,0.0002889477,0.001991047,0.07981963,0.08858492,0.4047243,0.1085223,0.06830794,0.04345326,0.1162073,0.08670259
172,0.001347113,0.0002966172,0.001927218,0.07435828,0.08261286,0.4481279,0.1016609,0.06601579,0.03844852,0.1041057,0.0810991
173,0.00148544,0.0003306617,0.002107694,0.08023555,0.08827266,0.4672508,0.1046266,0.05641025,0.03502747,0.08466663,0.07958629
174,0.001649155,0.0003657256,0.002322544,0.08800875,0.09567053,0.4629295,0.1086243,0.05129001,0.03577233,0.07487956,0.07848753
175,0.001893752,0.0004048565,0.002633345,0.1014723,0.1088899,0.4404671,0.1163438,0.0457592,0.03612212,0.06685203,0.07916149
176,0.002178408,0.0004413163,0.00299112,0.118854,0.1260904,0.4035765,0.1259724,0.04118281,0.0369236,0.06171372,0.08007569
177,0.002393689,0.0004578468,0.003257753,0.1345078,0.1416425,0.3552542,0.1335127,0.04046353,0.04237407,0.06416154,0.08197441
178,0.002359912,0.0004320207,0.003207664,0.1373582,0.1447531,0.3033157,0.1333776,0.04725662,0.05770854,0.08263101,0.08759969
179,0.002084499,0.0003782736,0.002865499,0.1250207,0.1335604,0.2619837,0.1276297,0.05997718,0.07389132,0.1151056,0.09750318
180,0.001906387,0.0003517083,0.002668212,0.1163671,0.1270625,0.2470538,0.1283595,0.0652109,0.07413782,0.1307469,0.1061351
181,0.001713238,0.0003389524,0.002468894,0.1039973,0.1079524,0.266697,0.1248863,0.07459726,0.07148275,0.1367922,0.1090737
182,0.001507474,0.00032385,0.002225491,0.08951839,0.09482022,0.3253213,0.1153186,0.07650673,0.05944948,0.1327536,0.102255
183,0.00146424,0.0003318587,0.002183917,0.08463829,0.09036796,0.3833233,0.1103569,0.06950704,0.05001963,0.1125434,0.09526349
184,0.001360346,0.0003276748,0.002048574,0.07614987,0.08121917,0.4368625,0.1001351,0.06897712,0.04467039,0.1023525,0.08589686
185,0.001285881,0.0003258036,0.001946259,0.06986793,0.07346879,0.4803844,0.09082908,0.06982545,0.03956942,0.09360392,0.07889302
186,0.001360797,0.0003499254,0.002053706,0.07254566,0.07422751,0.5019771,0.08934656,0.06472415,0.03694503,0.07979755,0.07667204
187,0.001567543,0.0003952633,0.002347708,0.08318127,0.0823442,0.4996891,0.0942206,0.05657224,0.03588637,0.06656851,0.0772271
188,0.001916507,0.0004552106,0.002830889,0.1029667,0.09870803,0.4757773,0.1045353,0.04677447,0.03285792,0.05454334,0.07863438
189,0.002314497,0.000518872,0.003399496,0.127347,0.1188486,0.4154713,0.1170809,0.04437368,0.03650626,0.05246415,0.08167525
190,0.002447087,0.0005224808,0.003591962,0.1391307,0.1278299,0.3544928,0.1207545,0.05037294,0.05097719,0.0638159,0.08606459
191,0.002504216,0.0005111546,0.003683622,0.1478889,0.1348178,0.301274,0.1244006,0.05421356,0.06215578,0.07488106,0.09366928
192,0.002354556,0.0004749304,0.003501998,0.1438897,0.1315807,0.2585527,0.124323,0.06267086,0.07513431,0.09512781,0.1023894
193,0.00202446,0.0004187048,0.003076519,0.1282081,0.1356933,0.2365706,0.1224068,0.06571168,0.07511496,0.1257547,0.1050201
194,0.001936974,0.0004130533,0.002998868,0.1254892,0.1358415,0.2152155,0.1309668,0.06719074,0.07223147,0.1364702,0.1112456
195,0.001832606,0.0004056863,0.002881692,0.1197688,0.1331309,0.208604,0.1363278,0.06911008,0.06875428,0.1464375,0.1127467
196,0.00169159,0.0003914528,0.00269123,0.1099351,0.1257118,0.2175253,0.1363363,0.07304373,0.06359874,0.1581483,0.1109265
197,0.001581945,0.0003823155,0.00252999,0.1009844,0.1184472,0.2452806,0.1341464,0.07423832,0.05530489,0.1603318,0.1067722
198,0.001625685,0.000398414,0.002582838,0.1019334,0.1214512,0.2779087,0.1372411,0.06562716,0.04766677,0.1406558,0.1029089
199,0.001697725,0.0004147597,0.00266799,0.1049609,0.1262884,0.3030011,0.1395389,0.05738381,0.04360436,0.1229839,0.09745832
200,0.001858295,0.0004388638,0.002870902,0.1149349,0.1386135,0.3114497,0.1455738,0.0477776,0.03952453,0.1038774,0.09308042
201,0.001908142,0.0004368629,0.002914332,0.1190212,0.1440988,0.3030028,0.1454323,0.04639049,0.04326355,0.1038947,0.08963684
202,0.001782829,0.0004001004,0.00270898,0.1125926,0.1375321,0.2899497,0.137551,0.05272274,0.05275842,0.1220794,0.08992207
203,0.001576016,0.0003560118,0.002405269,0.09998961,0.1242379,0.2903367,0.1279162,0.06108834,0.05713497,0.1425149,0.09244414
204,0.001476113,0.0003387254,0.002265929,0.09318365,0.1179548,0.3108077,0.1247679,0.06136737,0.0530587,0.1412499,0.09352913
205,0.001371346,0.0003287876,0.002111571,0.0843283,0.1044894,0.3468491,0.1184221,0.06457064,0.04969695,0.1366359,0.0911959
206,0.001245777,0.0003143128,0.001922681,0.07381598,0.092759,0.3972888,0.1083231,0.06599724,0.04317492,0.1300403,0.08511797
207,0.001192779,0.0003141102,0.001836233,0.06774428,0.0854893,0.4455661,0.1012954,0.06397565,0.03721802,0.1158739,0.07949424
208,0.001224303,0.0003302148,0.001869994,0.06687867,0.08388562,0.4773484,0.09876338,0.05960036,0.03420036,0.09997616,0.07592253
209,0.001283435,0.0003507969,0.001943692,0.0678689,0.08412589,0.4908792,0.0976776,0.05744286,0.03414762,0.09033802,0.0739421
210,0.001409917,0.0003832231,0.002112585,0.07305815,0.08918247,0.4877883,0.1005277,0.05422498,0.03502045,0.08176933,0.07452293
211,0.001673818,0.000438084,0.002467089,0.08658005,0.1038211,0.4705477,0.1103105,0.04608526,0.0330157,0.0688846,0.07617605
212,0.002000475,0.000498567,0.002907367,0.1048936,0.1237888,0.4316666,0.1227425,0.04035066,0.03252778,0.06128073,0.07734288
213,0.002294659,0.0005407693,0.003297837,0.1238219,0.1443933,0.3773572,0.1337012,0.03839753,0.03615914,0.06126055,0.07877585
214,0.002428088,0.0005422267,0.003466835,0.1363618,0.1580399,0.3176087,0.139169,0.0411687,0.04660562,0.07212579,0.08248346
215,0.002359563,0.0005060909,0.003372509,0.1385312,0.160906,0.2594857,0.1395334,0.04795375,0.06223793,0.09449603,0.09061796
216,0.001924191,0.0004162139,0.002800261,0.1166232,0.1382871,0.2161862,0.129072,0.06667565,0.08076905,0.1451973,0.1020488
217,0.001637783,0.0003587921,0.002459907,0.09977732,0.1146592,0.2273314,0.1255221,0.07988594,0.07374556,0.1640256,0.1105964
218,0.001415534,0.0003233296,0.002180955,0.08437901,0.09954802,0.293761,0.1183684,0.08097883,0.05642328,0.158426,0.1041957
219,0.001275676,0.0003040995,0.001989206,0.07316124,0.08743501,0.381411,0.1084399,0.07570194,0.04224673,0.1358145,0.09222075
220,0.001205807,0.000296214,0.001881456,0.06624932,0.07883524,0.4545297,0.09878344,0.07003712,0.03418265,0.1126217,0.08137726
221,0.001264766,0.0003096428,0.001955956,0.06728859,0.07852478,0.4929364,0.09596165,0.06249771,0.0314431,0.09156563,0.0762518
222,0.001330079,0.0003234295,0.002042211,0.06919712,0.07867118,0.5065708,0.09361005,0.06034,0.0328101,0.08171061,0.07339444
223,0.001527269,0.0003560084,0.002317877,0.07910722,0.08738162,0.4985445,0.09860458,0.05400274,0.03327202,0.07015163,0.07473458
224,0.001864269,0.0004009696,0.002784155,0.09799518,0.1052599,0.4755136,0.1097308,0.0438888,0.02983261,0.05681795,0.07591163
225,0.002091383,0.0004263727,0.003118256,0.1124413,0.1184462,0.4178487,0.1171384,0.04708287,0.03978239,0.06238747,0.07923667
226,0.002105423,0.0004089623,0.003142419,0.1167058,0.1217374,0.370846,0.1173086,0.05370149,0.05336489,0.07607386,0.08460518
227,0.002050844,0.0003874985,0.003083796,0.1171477,0.1219529,0.335092,0.1177834,0.05889145,0.06242089,0.08919555,0.091994
228,0.00188187,0.000358992,0.002871743,0.1097887,0.1150546,0.3151335,0.115774,0.06660722,0.06818388,0.106445,0.09790045
229,0.001623282,0.0003430889,0.002503214,0.09405681,0.09782596,0.3288462,0.1084655,0.07889348,0.06418242,0.1243741,0.09888589
230,0.001538566,0.0003544326,0.002378759,0.08767355,0.09129343,0.3665918,0.1055238,0.07799609,0.05301552,0.1175247,0.09610936
231,0.001533188,0.000376167,0.002362527,0.08566243,0.08840255,0.402836,0.1036133,0.07321167,0.04610046,0.1045688,0.09133289
232,0.00152784,0.0003929454,0.002341712,0.08391971,0.08501762,0.4295026,0.09992727,0.07171074,0.04254668,0.09672095,0.08639209
233,0.001637154,0.0004267309,0.002483212,0.08926278,0.08807236,0.4367428,0.1010218,0.06731651,0.0410513,0.08669823,0.08528713
234,0.001775488,0.0004627757,0.002668294,0.09693913,0.09288582,0.4293006,0.1033567,0.06438705,0.04224313,0.080599,0.08538203
235,0.002111236,0.0005260324,0.003117529,0.1170648,0.1089836,0.405196,0.113405,0.05438995,0.03935033,0.06816636,0.0876891
236,0.002650815,0.0006195111,0.003851493,0.1510839,0.1369299,0.3535862,0.1306652,0.04321266,0.03328386,0.05517432,0.08894212
237,0.003134293,0.0006799327,0.004488574,0.1860788,0.1652607,0.2814208,0.1446045,0.03920337,0.0347904,0.05244967,0.0878889
238,0.003495372,0.0006970417,0.004941861,0.2190536,0.191721,0.2043099,0.1543723,0.03798084,0.04043614,0.0552594,0.08773246
239,0.003328159,0.0006212579,0.004684554,0.2216326,0.1931846,0.1381922,0.1501168,0.04783568,0.06582472,0.08063702,0.09394238
240,0.003091394,0.0005466018,0.004359736,0.2191494,0.1918785,0.0993765,0.148245,0.05101816,0.07946157,0.09805028,0.1048229
241,0.002889756,0.0004956326,0.004112678,0.2149127,0.1716059,0.0733972,0.1494395,0.05805308,0.09564326,0.1095795,0.1198708
242,0.002035207,0.0003776572,0.002994081,0.1548924,0.1282881,0.07420556,0.1307644,0.08900139,0.1116081,0.1763132,0.12952
243,0.001670984,0.0003580884,0.002545896,0.1254129,0.1073345,0.1302171,0.1265742,0.1019148,0.08059562,0.1952812,0.1280948
244,0.001601138,0.0003719691,0.002451824,0.1172749,0.1014778,0.2411167,0.1223839,0.08507669,0.05859891,0.153925,0.1157212
245,0.001506863,0.0003714054,0.002304605,0.1072934,0.0921661,0.3500229,0.1100691,0.07209567,0.04753816,0.1186433,0.09798854
246,0.001415454,0.0003615668,0.002152934,0.09882641,0.08275198,0.4247032,0.09653188,0.06718386,0.0435164,0.09744346,0.08511274
247,0.001633886,0.0003958167,0.002424462,0.1142729,0.09272854,0.4447113,0.09948633,0.05233193,0.03717538,0.07205333,0.08278612
248,0.002050186,0.0004671423,0.002993171,0.1452901,0.1140547,0.4125576,0.1112159,0.04131583,0.03170512,0.05602418,0.08232614
249,0.002395439,0.0005097397,0.003452203,0.1743805,0.1338466,0.3516801,0.1196719,0.04006621,0.03696512,0.05489196,0.08214043
250,0.002421279,0.0004892154,0.003472193,0.1826184,0.1387663,0.2957389,0.1183528,0.04755214,0.05496811,0.06972402,0.08589665
251,0.002165999,0.0004330815,0.003128338,0.1690344,0.1286368,0.2620344,0.111647,0.05939787,0.07392415,0.0952177,0.09438026
252,0.001927343,0.0003969775,0.002828374,0.1539644,0.1180096,0.2561992,0.1082682,0.06681718,0.07816933,0.1119578,0.1014616
253,0.001591334,0.0003369475,0.002386512,0.1286854,0.1202526,0.2735974,0.1038465,0.0654969,0.06822753,0.1381036,0.09747526
254,0.001407215,0.0003160675,0.002153413,0.1124383,0.1075286,0.2982552,0.1037153,0.07033599,0.05885716,0.1494241,0.09556866
255,0.001367546,0.0003199692,0.002103567,0.1066792,0.1031,0.3365743,0.1049925,0.06692464,0.04880782,0.1372249,0.09190562
256,0.001414416,0.000336597,0.002163081,0.1074871,0.1038041,0.3672407,0.1071922,0.06046816,0.04301137,0.1190876,0.08779467
257,0.001415313,0.0003419819,0.002148679,0.1047721,0.1004708,0.3889622,0.1047887,0.05984308,0.04146677,0.1126329,0.08315747
258,0.001563641,0.0003689415,0.002334601,0.1141994,0.1079903,0.3920116,0.1092811,0.05325817,0.03907748,0.09733731,0.08257734
259,0.001793134,0.0004038152,0.002626939,0.1308993,0.1218764,0.3782663,0.1171457,0.04554524,0.03670309,0.08299448,0.08174568
260,0.002065931,0.0004361569,0.002970117,0.152985,0.1404753,0.3450402,0.1264052,0.03958099,0.03558066,0.07366756,0.08079298
261,0.002184978,0.0004355573,0.003104768,0.1657683,0.1511209,0.3004337,0.1296453,0.04118141,0.04350436,0.08110651,0.08151416
262,0.002235273,0.0004190808,0.00314588,0.1753531,0.1594452,0.2598536,0.1317354,0.04239814,0.05075801,0.08985401,0.08480231
263,0.001829818,0.0003427182,0.002598991,0.1470525,0.1355334,0.2314641,0.1186142,0.06102893,0.07001401,0.1398849,0.09163637
264,0.001653109,0.0003173553,0.002382998,0.1340018,0.1257329,0.2394821,0.1174162,0.0653088,0.06430805,0.1509754,0.09842131
265,0.001460352,0.0002966352,0.002143978,0.1168727,0.1081443,0.2858564,0.112299,0.06977063,0.05628987,0.15083,0.09603626
266,0.001382728,0.000292372,0.002043257,0.1082447,0.1007955,0.3465123,0.1078617,0.0646161,0.04688732,0.1312513,0.09011269
267,0.001251291,0.0002800845,0.001860917,0.0947554,0.08798297,0.4111128,0.09760884,0.06455686,0.04029559,0.1194605,0.08083477
268,0.001212958,0.0002816503,0.001800659,0.0889326,0.08116529,0.4600776,0.09102192,0.06204389,0.03540602,0.1031976,0.07485978
269,0.001231036,0.0002928537,0.001819555,0.08778282,0.07792141,0.4896308,0.08730512,0.05966175,0.03336335,0.0898426,0.07114868
270,0.001446906,0.0003322832,0.002103468,0.1022882,0.08782788,0.4906878,0.09360556,0.04926424,0.03035893,0.07053021,0.07155458
271,0.00176278,0.0003811496,0.002519071,0.1255292,0.104468,0.4636337,0.1038161,0.04077231,0.02798127,0.05745478,0.0716816
272,0.002099191,0.0004232835,0.002961564,0.1528368,0.124172,0.4077673,0.1146074,0.03784677,0.0304765,0.05407036,0.07273872
273,0.002168674,0.0004134681,0.003043287,0.162946,0.1307271,0.3501494,0.1159082,0.04460847,0.04518629,0.06849699,0.0763521
274,0.002115353,0.0003870753,0.002972252,0.1645739,0.1315669,0.304383,0.1156622,0.05095353,0.05783962,0.08542117,0.08412515
275,0.001989137,0.0003599769,0.002823243,0.1593425,0.1281136,0.2725958,0.1158786,0.05722903,0.0660478,0.1031332,0.09248716
276,0.001794772,0.0003333695,0.002592492,0.1461019,0.1191368,0.2603767,0.1147463,0.06507151,0.06894926,0.1224715,0.09842543
277,0.001780626,0.0003399879,0.002591878,0.1450551,0.1137861,0.2643867,0.1181415,0.066411,0.06558096,0.1188488,0.1030773
278,0.001528644,0.0003161692,0.002260636,0.1225602,0.09711042,0.3072867,0.1080243,0.07517315,0.05875925,0.1298452,0.0971351
279,0.001531023,0.0003282071,0.002263333,0.1206835,0.09526291,0.3475076,0.1064079,0.06941318,0.0499176,0.1128949,0.09378981
280,0.001453993,0.000328196,0.002155444,0.1122155,0.08747628,0.3929217,0.09919256,0.06873266,0.04502184,0.1042543,0.08624756
281,0.001434962,0.0003340196,0.002121739,0.1090257,0.08296117,0.425654,0.09376607,0.06743591,0.04134583,0.09450061,0.08141995
282,0.001569635,0.00036192,0.002298043,0.1186989,0.08748402,0.4353361,0.09535089,0.06003027,0.03906963,0.07948642,0.08031412
283,0.001771775,0.0003961743,0.002566389,0.1347923,0.09611556,0.4240469,0.09968814,0.05333176,0.0386923,0.06855687,0.08004184
284,0.001999489,0.0004271835,0.002867495,0.1546531,0.1071251,0.3930168,0.1051494,0.04953976,0.04086614,0.06335627,0.08099939
285,0.002257075,0.000452518,0.003201751,0.1793396,0.1213875,0.3505216,0.111991,0.04571919,0.04276003,0.05974413,0.08262561
286,0.002359562,0.0004511407,0.003337127,0.1936218,0.1291737,0.3023884,0.1150308,0.04850125,0.05233404,0.06692033,0.08588178
287,0.002106951,0.0004015034,0.003005042,0.1781556,0.11859,0.2708976,0.108864,0.06270492,0.06908841,0.09400202,0.09218392
288,0.001891389,0.00037193,0.002737922,0.1631227,0.1088628,0.2678232,0.1061033,0.0711782,0.06950718,0.1103239,0.09807754
289,0.001722143,0.000367046,0.002524182,0.1497524,0.113459,0.2834393,0.1064122,0.06673837,0.05973563,0.1198076,0.09604207
290,0.00167279,0.0003841598,0.002471895,0.1450235,0.1110831,0.295303,0.1100549,0.06536391,0.05442897,0.1192166,0.09499723
291,0.00169258,0.0004080152,0.002499589,0.1458651,0.1123749,0.3064966,0.1136575,0.06145781,0.049939,0.1123928,0.09321611
292,0.001680823,0.000421275,0.002475445,0.1436451,0.111083,0.3165859,0.1139335,0.06063264,0.04830022,0.1107628,0.09047925
293,0.001641501,0.0004249979,0.002408403,0.1389525,0.107671,0.3273369,0.1118712,0.06195815,0.04726631,0.1122118,0.08825721
294,0.001655911,0.0004372392,0.002413736,0.1390066,0.107581,0.3367765,0.1117912,0.06028854,0.04521252,0.1077692,0.08706768
295,0.00184799,0.0004806857,0.002651922,0.155421,0.1194785,0.3329863,0.119262,0.05048066,0.04035727,0.09039163,0.08664209
296,0.001990718,0.0005105479,0.002826351,0.1686666,0.1290596,0.3127473,0.1242084,0.0470661,0.04165661,0.08603576,0.08523209
297,0.002082373,0.0005218251,0.002924369,0.1793964,0.1369546,0.2840336,0.1272165,0.04662948,0.04583086,0.08873294,0.08567703
298,0.001979397,0.0004928547,0.002772922,0.1734927,0.133165,0.2579402,0.1238297,0.05394683,0.05562907,0.108134,0.08861737
299,0.001770255,0.0004491753,0.002497414,0.1565434,0.1217758,0.2497007,0.118209,0.06414177,0.05976515,0.1322706,0.09287668
300,0.001624049,0.0004259239,0.002313724,0.1430376,0.11297,0.26762,0.1153905,0.06826688,0.05419005,0.1399732,0.09418804
301,0.00148698,0.000438564,0.002155368,0.1287552,0.08566549,0.3413803,0.1038142,0.07855979,0.04545933,0.1223326,0.0899521
302,0.001434236,0.0004528628,0.002090733,0.1227658,0.07925944,0.4096552,0.09368264,0.07220082,0.0376675,0.09884621,0.08194462
303,0.001431907,0.0004746602,0.002099377,0.1221449,0.07543104,0.4495782,0.08678788,0.06783122,0.03515825,0.08313509,0.07592748
304,0.001593785,0.0005355937,0.002332632,0.1372701,0.08064744,0.4501666,0.08790004,0.06035971,0.03480811,0.06898738,0.07539859
305,0.001821661,0.0006126289,0.002662094,0.1600009,0.08959545,0.4237578,0.09205126,0.05521392,0.03678835,0.06080647,0.0766896
306,0.002112287,0.0007010371,0.003075694,0.1909141,0.1026918,0.3777595,0.09862771,0.05054417,0.03888629,0.0554772,0.07921022
307,0.002535733,0.0008161584,0.003662703,0.2380438,0.1239913,0.3185259,0.1090889,0.04146403,0.03484791,0.0466049,0.08041875
308,0.002728649,0.0008651703,0.00395114,0.2676165,0.1364093,0.2475257,0.1140395,0.04442138,0.04614623,0.05368064,0.08261585
309,0.002888565,0.0008916226,0.004174543,0.2982472,0.1500029,0.1890308,0.1185227,0.04273481,0.05131964,0.05659074,0.08559661
310,0.002945007,0.0008909434,0.004267136,0.3213031,0.160687,0.1374157,0.1224552,0.04184595,0.05754923,0.06161869,0.089022
311,0.002776751,0.000833982,0.004058136,0.3200747,0.1607734,0.09773881,0.1228535,0.04620272,0.07155423,0.0775498,0.09558403
312,0.002394405,0.0007299351,0.003558218,0.2893618,0.1478405,0.07783145,0.1203595,0.05630547,0.08785485,0.1079746,0.1057892
313,0.001862507,0.0005978975,0.00285779,0.2293765,0.1118176,0.08965775,0.1146571,0.08351153,0.0935621,0.1549403,0.117159
314,0.00165648,0.0005576889,0.00259234,0.2033888,0.1002812,0.156355,0.1125215,0.08525509,0.07111266,0.1522664,0.1140129
315,0.001519745,0.0005269487,0.002392457,0.1841389,0.09023451,0.2626071,0.1042931,0.07539834,0.05428326,0.1240458,0.1005599
316,0.001398592,0.0004928442,0.002200199,0.1673145,0.07980796,0.3579665,0.09193783,0.0685133,0.04510675,0.09899412,0.08626735
317,0.001537598,0.0005250837,0.002378166,0.1842176,0.08477134,0.3868041,0.09122256,0.05474382,0.03925594,0.07310394,0.08143994
318,0.001777669,0.0005825888,0.002706857,0.2156862,0.09564898,0.3747472,0.09456379,0.04412068,0.03511317,0.05691843,0.07813439
319,0.002115153,0.0006596877,0.00317723,0.2630583,0.1132016,0.3231723,0.1015455,0.03679019,0.03259271,0.04727911,0.07640823
320,0.002335307,0.0006986583,0.003484773,0.3005496,0.12692,0.2609443,0.105328,0.03650992,0.03913786,0.04830507,0.07578643
