"<HEADER software/>"
EwEVersion,"6.7.0.17868 (compiled 5/31/2022)"
Date,"7/27/2023 4:35:40 PM"
"<HEADER ecopath/>"
ModelName,1
"<HEADER ecosim/>"
EcosimScenario,spa_01_adjTry3
TimeSeries,TS_updated_IB13
StartYear,1980
"<HEADER end/>"

Data,"Prey of Reef omnivores"

timestep\group,"Benthic coastal invertebrate feeders","Pink shrimp","Brown shrimp","White shrimp",Crab,"Sessile epifauna","Mobile epifauna",Zooplankton,Infauna,Algae,Seagrass,Phytoplankton,Detritus,
1,0.0009621439,0.001074214,0.000104241,0.003591131,0.02259811,0.2327087,0.08807009,0.1471657,0.1155748,0.1388087,0.05460666,0.07123782,0.1234976
2,0.0008699732,0.00101611,0.0001020451,0.003383284,0.01964792,0.2146601,0.0824068,0.1596553,0.108691,0.1547757,0.05597294,0.07629893,0.1225199
3,0.0007292275,0.0009151647,9.706186E-05,0.003050116,0.016007,0.1859568,0.07412101,0.1854891,0.1002559,0.1789855,0.05176121,0.08315279,0.1194791
4,0.0007054617,0.0009271579,0.0001007277,0.003069535,0.01514675,0.1816669,0.07505204,0.2067072,0.09960322,0.1754079,0.04660764,0.07612073,0.1188849
5,0.0007461329,0.0009954823,0.0001082286,0.003266505,0.01570099,0.1901607,0.08072366,0.2151944,0.1027618,0.1603642,0.04439775,0.06670114,0.118879
6,0.0008725057,0.001131042,0.0001192603,0.003664298,0.01784333,0.2153175,0.09142088,0.2049926,0.1092928,0.137561,0.04191984,0.05629822,0.1195668
7,0.00105077,0.001287565,0.0001301207,0.004128796,0.0206691,0.2492052,0.1032133,0.1761877,0.1157445,0.1197167,0.04095044,0.04909642,0.1186194
8,0.001199399,0.001378913,0.0001341889,0.004403027,0.02249503,0.2754166,0.1096686,0.1401481,0.1178354,0.1155339,0.04577318,0.04877695,0.1172368
9,0.001375604,0.001466369,0.0001357842,0.004655913,0.02435302,0.307012,0.1155798,0.1080128,0.1194713,0.1066198,0.04768444,0.04720904,0.1164242
10,0.001542355,0.001522547,0.0001346319,0.004825198,0.0256529,0.3375733,0.1191295,0.07851347,0.1202806,0.09904439,0.04976004,0.04664057,0.1153805
11,0.001586959,0.00146911,0.0001262414,0.004676721,0.02478799,0.3460786,0.1148579,0.05546103,0.1174595,0.1042856,0.05814076,0.05365985,0.1174098
12,0.001855163,0.001573217,0.0001260823,0.004972169,0.02705834,0.4003811,0.1221598,0.03727755,0.1207179,0.07974763,0.04714176,0.04258614,0.1144032
13,0.001832813,0.001460049,0.000113999,0.004678027,0.02371125,0.418478,0.108022,0.02348398,0.1124432,0.08663585,0.05728189,0.05231035,0.1095486
14,0.001571168,0.001215544,9.493286E-05,0.003962738,0.01924331,0.370552,0.09184539,0.01819795,0.1072067,0.1157466,0.07166076,0.07817312,0.1205298
15,0.001476619,0.001138277,9.007109E-05,0.003771974,0.01738704,0.362825,0.08708325,0.01677064,0.1122875,0.1182224,0.06639241,0.08314901,0.1294059
16,0.001259149,0.001024664,8.57927E-05,0.003462454,0.01455376,0.3299674,0.07903356,0.01971593,0.1156698,0.1384583,0.06438549,0.09900596,0.1333777
17,0.001023268,0.0009327679,8.487333E-05,0.003191685,0.0119136,0.2922452,0.07142428,0.03185557,0.1173281,0.1662608,0.054147,0.1158346,0.1337583
18,0.0009310555,0.0009567773,9.178792E-05,0.003247565,0.01117328,0.2867453,0.07132215,0.06012808,0.121236,0.1627854,0.0428757,0.1080275,0.1304795
19,0.0009090018,0.001029669,0.0001004295,0.003426888,0.01135967,0.2947664,0.07435978,0.09508608,0.1235627,0.1444027,0.03699937,0.090394,0.1236033
20,0.0009689222,0.001149837,0.0001092532,0.003725284,0.01252088,0.320406,0.08062537,0.1173937,0.1257355,0.1180907,0.0328366,0.07091383,0.115524
21,0.001069499,0.001275455,0.0001155314,0.004028121,0.0140793,0.353605,0.08736441,0.1225791,0.1261418,0.09652346,0.03009613,0.05670412,0.106418
22,0.001073706,0.00127752,0.0001122016,0.003978777,0.01420839,0.3560427,0.0865223,0.1179744,0.1191669,0.1018934,0.03746425,0.0585526,0.101733
23,0.001123619,0.001306126,0.0001099071,0.004015131,0.01477388,0.3719773,0.08785718,0.1096746,0.1158372,0.09690113,0.03992658,0.05557749,0.1009198
24,0.001048155,0.001215892,0.0001018964,0.003742347,0.01366066,0.3516854,0.08205291,0.1056702,0.1089328,0.1133124,0.04906744,0.06535189,0.1041581
25,0.0009977354,0.001147923,9.602441E-05,0.003569961,0.01152379,0.3871957,0.07016255,0.09178359,0.0993377,0.1162999,0.0473845,0.06948073,0.1010199
26,0.0009391992,0.00109771,9.324588E-05,0.003451698,0.01093972,0.3696399,0.06807722,0.09516926,0.1022134,0.1230666,0.04550643,0.07419571,0.1056098
27,0.0008906518,0.001076175,9.349752E-05,0.003410178,0.0105675,0.3559657,0.06713794,0.1029347,0.1052851,0.1268432,0.04271223,0.07580087,0.1072822
28,0.0008997882,0.001116673,9.75289E-05,0.00353195,0.01093981,0.3619723,0.06944768,0.1086224,0.1096537,0.1181826,0.03905707,0.06972387,0.1067547
29,0.0008721786,0.001121017,9.907123E-05,0.003539383,0.01088741,0.3534701,0.06937239,0.1138412,0.1103373,0.1215032,0.03904923,0.07082475,0.1050829
30,0.0008917087,0.001168598,0.0001025447,0.003658146,0.01141108,0.3609,0.07172015,0.1150263,0.1123286,0.1149704,0.0373796,0.06635658,0.1040863
31,0.0009604112,0.001256855,0.0001073818,0.003882917,0.01254024,0.3850222,0.07641654,0.1109536,0.1156736,0.09976833,0.03452773,0.05772766,0.1011626
32,0.001030187,0.001326536,0.0001094814,0.004047406,0.01362375,0.4082196,0.08010747,0.1019553,0.1169661,0.08932282,0.0337604,0.0525337,0.09699717
33,0.001125183,0.001395968,0.0001093965,0.004197673,0.01493077,0.4397235,0.08395264,0.08938375,0.1174813,0.0769923,0.03204485,0.04657214,0.09209051
34,0.001189759,0.001410903,0.0001050752,0.004199665,0.01571309,0.4606039,0.08498254,0.0760906,0.1154823,0.07228459,0.03366804,0.04578463,0.08848504
35,0.001054691,0.00122912,9.067031E-05,0.003678243,0.01379763,0.412349,0.07505688,0.06845426,0.1066348,0.1043565,0.04794395,0.07018413,0.09517017
36,0.0009372492,0.001110667,8.415077E-05,0.003378242,0.01223748,0.3747295,0.06859796,0.07176025,0.1051647,0.1255867,0.04714451,0.08417764,0.1050908
37,0.0007937414,0.001025948,8.522732E-05,0.003161728,0.01153891,0.2942093,0.06860555,0.1068049,0.1096089,0.1509324,0.04460136,0.093852,0.11478
38,0.0007230259,0.001020132,9.137773E-05,0.003158753,0.01075291,0.2774328,0.06683111,0.1427737,0.1073329,0.1524739,0.03898694,0.08630842,0.112114
39,0.0006543228,0.00100838,9.657787E-05,0.003127683,0.01000615,0.2566645,0.06490663,0.1791343,0.1028841,0.1577466,0.03568216,0.08082428,0.1072644
40,0.0006043757,0.001003087,0.0001010707,0.003105953,0.00950362,0.2380869,0.06387447,0.2096542,0.098171,0.1633295,0.03326309,0.07618061,0.1031222
41,0.0005854694,0.001020847,0.0001061658,0.003148571,0.009436725,0.2270853,0.06486678,0.2307848,0.09524205,0.1642131,0.03187522,0.07104962,0.1005855
42,0.0006529553,0.001134888,0.0001171558,0.003465118,0.01068633,0.2423121,0.07212689,0.2336233,0.09854852,0.1449687,0.03107034,0.06018336,0.1011103
43,0.0008066303,0.001331549,0.0001316515,0.004002869,0.01318701,0.281591,0.08430254,0.2184314,0.105516,0.1153866,0.02782496,0.04745156,0.1000362
44,0.001032499,0.001568348,0.0001462777,0.004654192,0.01658199,0.3380355,0.09844927,0.1799779,0.1126072,0.09005401,0.02407921,0.03718865,0.09562505
45,0.001266585,0.00174244,0.0001520605,0.005117722,0.01965092,0.3928254,0.1084515,0.1347838,0.114725,0.07642505,0.02412879,0.0323633,0.08836752
46,0.001337455,0.001681608,0.0001398828,0.004932652,0.01983483,0.4018405,0.1047992,0.09724224,0.1079927,0.09050047,0.03847593,0.04270558,0.08851681
47,0.001125364,0.001355915,0.0001139033,0.004041537,0.01596194,0.3399746,0.08610979,0.07600661,0.09684916,0.1392276,0.06013207,0.07569899,0.1034026
48,0.001081694,0.001284415,0.0001112072,0.003905331,0.01488015,0.3324568,0.08243481,0.06679951,0.1008739,0.1439205,0.05536587,0.08028056,0.1166054
49,0.001109218,0.001299817,0.0001113925,0.004028979,0.01339952,0.3881916,0.07626518,0.05659854,0.1020732,0.1256232,0.04658485,0.07309782,0.1116167
50,0.001049977,0.001248092,0.0001075738,0.00392961,0.01257285,0.3740952,0.07410575,0.05572067,0.1072729,0.1324486,0.04496219,0.07971998,0.1127666
51,0.0009894114,0.001213566,0.0001054538,0.003851492,0.01188375,0.3602968,0.07226629,0.05880671,0.1107063,0.1399291,0.04156777,0.08507058,0.1133127
52,0.0009408889,0.001205847,0.0001057078,0.003831154,0.01145492,0.3505639,0.07145088,0.0668948,0.1133622,0.1436857,0.03729428,0.08682383,0.112386
53,0.0009254889,0.001236037,0.0001081854,0.003902363,0.01149427,0.3506034,0.0724577,0.07750847,0.1157318,0.1392557,0.03366097,0.0829474,0.1101683
54,0.000965159,0.001315664,0.0001125045,0.004099765,0.0122272,0.3668338,0.07610032,0.08547162,0.1186376,0.123746,0.03093554,0.07289384,0.106661
55,0.001069108,0.001440248,0.0001169877,0.004405959,0.01371399,0.4018139,0.08220053,0.08635782,0.1218381,0.1000565,0.02743912,0.05901609,0.1005316
56,0.001214816,0.001569057,0.0001184,0.004704673,0.01559023,0.447716,0.08861668,0.07904682,0.1231139,0.07732049,0.02351836,0.04620837,0.09126221
57,0.001273037,0.001566651,0.0001109907,0.004643118,0.01616286,0.4630289,0.08836481,0.06772185,0.1179989,0.07711717,0.02840193,0.04783864,0.08577117
58,0.001202242,0.001424394,9.688045E-05,0.004210304,0.01498661,0.4375238,0.0811042,0.05951207,0.1095256,0.09742768,0.03992071,0.06319551,0.08986999
59,0.001137089,0.001320268,8.849698E-05,0.003928175,0.01395078,0.4180909,0.07611893,0.05655608,0.1069512,0.1089994,0.04318631,0.07175899,0.09791343
60,0.001054488,0.001232994,8.391496E-05,0.003715539,0.01283407,0.3955401,0.07190809,0.06049819,0.1071337,0.1201111,0.04332346,0.07893779,0.1036267
61,0.001000671,0.001204292,8.793372E-05,0.003652629,0.01274603,0.3676996,0.07252315,0.07359414,0.1113281,0.125181,0.04180538,0.08026876,0.1089084
62,0.0008957887,0.001139895,9.071177E-05,0.003489526,0.01164119,0.3395837,0.06840307,0.09301341,0.1091383,0.1389749,0.03990303,0.08530167,0.1084248
63,0.000836065,0.001126711,9.623652E-05,0.003458317,0.0111491,0.3239657,0.06698364,0.1165201,0.1080299,0.1421937,0.03616355,0.08235692,0.10712
64,0.0008273276,0.001165826,0.0001043184,0.003564931,0.01134126,0.3228326,0.06849256,0.1362465,0.108493,0.1345126,0.03365926,0.07395463,0.1048052
65,0.0008669881,0.00124606,0.0001135811,0.003776783,0.012168,0.3353626,0.07237814,0.1448524,0.110092,0.1207176,0.03229499,0.06414904,0.1019818
66,0.0009631059,0.001366997,0.0001232132,0.004088829,0.01371343,0.3645735,0.07862493,0.1392612,0.1128629,0.1021574,0.03037725,0.05370048,0.09818662
67,0.001094043,0.001493396,0.000130483,0.004404698,0.01562717,0.4033465,0.08530625,0.1219048,0.1148834,0.08523749,0.02855161,0.04521158,0.09280854
68,0.001204222,0.001559488,0.0001314991,0.004553965,0.01707298,0.4342664,0.08897195,0.09928631,0.1137814,0.07789077,0.03030594,0.04268384,0.08829126
69,0.001246581,0.001529116,0.0001251261,0.004446475,0.01739962,0.4441535,0.08777575,0.07891606,0.1096927,0.08184908,0.03688013,0.04772539,0.08826059
70,0.001153201,0.00137166,0.0001123714,0.004022381,0.01581212,0.4133942,0.07993538,0.06574541,0.1037359,0.1048953,0.04818066,0.06554479,0.09609667
71,0.001011095,0.001216081,0.0001038765,0.00364124,0.01372035,0.3717222,0.0719758,0.06358473,0.1019441,0.1310157,0.05005655,0.08358902,0.1064191
72,0.001022552,0.001243087,0.000108717,0.003759208,0.01388737,0.3824601,0.07376204,0.06581391,0.1079884,0.1199563,0.04324828,0.07618962,0.1105604
73,0.0009620176,0.001218098,0.0001099906,0.003713442,0.01327195,0.3667503,0.0724161,0.07479471,0.1104464,0.1250401,0.0421053,0.07897443,0.1101971
74,0.0009204174,0.001213591,0.0001118862,0.003702086,0.01289729,0.3581263,0.07155681,0.08517238,0.1110891,0.1271798,0.03999922,0.07873834,0.1092927
75,0.0009009053,0.001233256,0.0001151603,0.003748402,0.01285727,0.3553649,0.07190912,0.09666281,0.1116492,0.1247262,0.03795366,0.07529305,0.1075861
76,0.0008982326,0.001265658,0.0001186659,0.003821935,0.01305234,0.3563721,0.07294355,0.1067633,0.1117383,0.1202004,0.03671943,0.07077571,0.1053304
77,0.0008716586,0.001263732,0.0001193836,0.003798767,0.01286992,0.3470365,0.07217384,0.1168854,0.1094893,0.1236878,0.03745654,0.0708355,0.1035116
78,0.0009108778,0.001327581,0.0001238278,0.003951278,0.01361524,0.3592505,0.0751119,0.1213167,0.1104005,0.1128322,0.03567864,0.06332257,0.1021582
79,0.001025868,0.001456768,0.0001305995,0.004265739,0.01541607,0.3960145,0.08165799,0.1170429,0.1136732,0.09025878,0.03097243,0.05063606,0.09744895
80,0.001155934,0.001566994,0.0001338705,0.004523326,0.01731347,0.4356179,0.08733373,0.1034172,0.1147782,0.07378025,0.0281629,0.04201487,0.09020139
81,0.001070544,0.001413929,0.0001193721,0.004086463,0.01585454,0.401447,0.07942674,0.09242605,0.1054925,0.1019243,0.04341396,0.06093012,0.09239451
82,0.0009889527,0.001297314,0.0001106766,0.003785841,0.01449538,0.3729717,0.07358746,0.09141991,0.1019783,0.1193827,0.04674706,0.07231911,0.1009156
83,0.0009126141,0.001222363,0.0001078508,0.003619293,0.01333249,0.3487571,0.0697825,0.1011476,0.1020457,0.1304232,0.04503421,0.07782945,0.1057855
84,0.0009133632,0.001246137,0.0001121506,0.003712561,0.01339346,0.3503935,0.07100552,0.1120064,0.1054847,0.1225574,0.04088192,0.0713686,0.1069242
85,0.0009071144,0.001265922,0.0001110136,0.003781613,0.01301244,0.3437473,0.07237304,0.123328,0.1076098,0.1198251,0.03991254,0.0680419,0.1060842
86,0.0008449848,0.001220618,0.0001064907,0.003664572,0.01181011,0.3213646,0.06950902,0.1354947,0.1045194,0.1324972,0.04125718,0.0727391,0.1049721
87,0.0008272079,0.001228159,0.0001062074,0.003688522,0.01131724,0.3130271,0.06951007,0.1471389,0.1038534,0.1338071,0.0396702,0.07071973,0.1051061
88,0.000877464,0.001310848,0.0001104108,0.003913091,0.01177593,0.3260264,0.07360962,0.1522137,0.1065772,0.1202454,0.03710626,0.06202085,0.1042127
89,0.0009454863,0.001397956,0.0001138232,0.00414382,0.01242524,0.3428241,0.07800312,0.1488882,0.1086863,0.1088364,0.03632626,0.0556439,0.1017654
90,0.00103886,0.001488925,0.0001154577,0.004372341,0.01329672,0.3661135,0.08271258,0.1377863,0.1102644,0.09767716,0.03587886,0.05027548,0.09897939
91,0.001209861,0.001630849,0.0001165587,0.004710983,0.01495572,0.4124691,0.09021197,0.1206817,0.1130365,0.07679766,0.03068388,0.04026587,0.09322944
92,0.001364693,0.001712398,0.0001131345,0.004897685,0.01618034,0.4527965,0.09476574,0.09797502,0.1128253,0.06558206,0.02965585,0.03574227,0.086389
93,0.00153065,0.001758079,0.0001052249,0.004964767,0.01725212,0.4969073,0.09777242,0.07608727,0.1105808,0.05460449,0.02789462,0.031395,0.07914726
94,0.001577132,0.001663891,9.160062E-05,0.004680572,0.01680717,0.5075861,0.09387539,0.05662457,0.1048052,0.05939251,0.03625887,0.03803198,0.07860506
95,0.001454015,0.00143861,7.531976E-05,0.004083696,0.01464292,0.4720894,0.08325602,0.04359942,0.09834433,0.08102872,0.05220277,0.05824526,0.08953957
96,0.001184699,0.001167988,6.299195E-05,0.003427168,0.01140733,0.3986515,0.06974445,0.04136186,0.09651884,0.1201297,0.05997606,0.08929587,0.1070715
97,0.0008915326,0.001003384,6.451511E-05,0.003070064,0.009220759,0.2826136,0.06519285,0.07591973,0.1039892,0.1700137,0.05104143,0.1141826,0.1227966
98,0.0007649917,0.0009932924,7.40057E-05,0.003087719,0.007941218,0.2608255,0.06230227,0.1330782,0.1031904,0.171169,0.03852139,0.1004359,0.1176162
99,0.0006843329,0.001012844,8.393398E-05,0.00315414,0.007263213,0.2434734,0.06140597,0.1879608,0.09956346,0.1674909,0.03317139,0.08537912,0.1093565
100,0.0007644876,0.001177854,9.751016E-05,0.003599124,0.00823851,0.2678837,0.06944018,0.2089973,0.1033639,0.1358001,0.02991264,0.06456425,0.1061606
101,0.0009835474,0.00147226,0.000114813,0.004399963,0.01058417,0.3285164,0.08451562,0.1972986,0.1123552,0.09440521,0.02171558,0.04443916,0.09919956
102,0.001258927,0.001761145,0.0001253853,0.005147034,0.01318177,0.3994265,0.09909952,0.1628445,0.1177483,0.06491355,0.0156107,0.03052341,0.08835917
103,0.001504021,0.001918192,0.0001219994,0.005491052,0.01496331,0.4577816,0.1065097,0.1222916,0.1146392,0.05579419,0.01644142,0.02657274,0.07597114
104,0.001709,0.00196045,0.0001103533,0.005521174,0.01588779,0.5057435,0.1082567,0.08764909,0.1076075,0.05179129,0.01982286,0.02619443,0.06774578
105,0.001823909,0.001880556,9.438348E-05,0.00524777,0.01568838,0.5333703,0.1043242,0.06031482,0.09924284,0.05379312,0.02765583,0.03028357,0.06628035
106,0.001725652,0.001631342,7.597081E-05,0.004576754,0.01370616,0.509504,0.09219235,0.04114526,0.09087911,0.07196887,0.04755039,0.04704068,0.07800339
107,0.001385096,0.001276547,6.076296E-05,0.003700334,0.01028137,0.4267401,0.07455155,0.0344408,0.08744577,0.1105899,0.06737013,0.07983746,0.1023202
108,0.001005483,0.001013888,5.674777E-05,0.003114077,0.007244355,0.3380469,0.06062135,0.04565718,0.09177486,0.1605202,0.06004812,0.1118914,0.1190055
109,0.0009231787,0.0009906997,5.45173E-05,0.00315334,0.006280876,0.3926998,0.05443991,0.05543363,0.09486536,0.1422772,0.04138615,0.09569142,0.1118039
110,0.0008313905,0.0009986078,5.63813E-05,0.003244109,0.006126897,0.3688321,0.05447424,0.08242319,0.1028724,0.1441395,0.0339544,0.09309604,0.1089508
111,0.000784406,0.001047521,5.958507E-05,0.003388754,0.00634107,0.355931,0.05566876,0.1129758,0.1060692,0.139677,0.02921584,0.08469412,0.104147
112,0.0007863387,0.00113623,6.338458E-05,0.003609379,0.006941776,0.3566908,0.05853977,0.1368135,0.1077647,0.1279904,0.02713103,0.07319336,0.09933944
113,0.0007883722,0.00120752,6.579206E-05,0.003760648,0.007490306,0.3526115,0.06057246,0.1527145,0.1065561,0.1238774,0.02788671,0.06720853,0.09526013
114,0.0007988361,0.001268827,6.717986E-05,0.003878941,0.008031842,0.3486493,0.06238785,0.1606995,0.1045891,0.122737,0.0296559,0.06379788,0.09343778
115,0.0009196029,0.001440182,6.960286E-05,0.004287777,0.009617331,0.38475,0.06959099,0.1554367,0.1082747,0.09810418,0.02624802,0.05036089,0.09089991
116,0.001016589,0.001550366,6.917583E-05,0.004540916,0.01088195,0.4086711,0.074224,0.1399309,0.1086961,0.0892624,0.02791401,0.04595423,0.08728836
117,0.001103219,0.001610176,6.519211E-05,0.004647563,0.01189791,0.4279412,0.07689743,0.1211744,0.1072099,0.08551569,0.03115869,0.04513331,0.08564537
118,0.001194466,0.001650759,6.011478E-05,0.004711765,0.01283837,0.4495894,0.07906016,0.1015994,0.1061144,0.08050649,0.03328228,0.04415802,0.08523437
119,0.001294517,0.001680813,5.456882E-05,0.004757659,0.01376095,0.4755734,0.08106303,0.08168468,0.1056235,0.07364343,0.03398753,0.04232834,0.08454759
120,0.001267827,0.001571188,4.726087E-05,0.004463582,0.01326743,0.461401,0.07698846,0.06541209,0.1020761,0.08712608,0.04334505,0.05374947,0.08928453
121,0.001145273,0.001385868,4.108319E-05,0.004000138,0.01166262,0.4411277,0.06796658,0.05381856,0.0972996,0.1070307,0.04843929,0.06986516,0.09621757
122,0.001050753,0.001286379,3.944188E-05,0.003793811,0.01078714,0.4102312,0.06428403,0.05425004,0.100549,0.1223681,0.04601068,0.08095016,0.1043992
123,0.0009994811,0.001265978,4.100311E-05,0.003792719,0.01048249,0.3962112,0.06362991,0.06153909,0.1058433,0.1255554,0.04082884,0.0824592,0.1073514
124,0.0009529099,0.001268512,4.393737E-05,0.003832303,0.01031096,0.3831105,0.06341214,0.074505,0.1094853,0.1275185,0.03667074,0.08226699,0.1066222
125,0.000906323,0.001276866,4.748028E-05,0.00386197,0.01016733,0.3679701,0.06298519,0.09184504,0.1105779,0.1307979,0.03342192,0.08175221,0.1043897
126,0.0009285642,0.001355792,5.209808E-05,0.004058511,0.0107995,0.3748559,0.06567011,0.1059841,0.1129662,0.119167,0.03036139,0.07226226,0.1015385
127,0.001008553,0.001482303,5.616358E-05,0.004360045,0.01208585,0.3993099,0.07053268,0.1116506,0.1159522,0.09974539,0.02754347,0.05969382,0.0965791
128,0.001106278,0.001596098,5.768098E-05,0.004607238,0.01351459,0.4268032,0.07497,0.1078003,0.1168742,0.0849646,0.0263382,0.05092475,0.09044289
129,0.001194528,0.001660564,5.59494E-05,0.004711884,0.01470228,0.4491348,0.0775416,0.09770352,0.1152581,0.07753776,0.02760165,0.04726822,0.08562906
130,0.001270511,0.001680633,5.198765E-05,0.004701839,0.01560113,0.4672608,0.07856915,0.08532757,0.1125873,0.07359152,0.0299389,0.04630806,0.08311056
131,0.00125617,0.001592374,4.618825E-05,0.004437727,0.01528765,0.4567299,0.07520885,0.07470575,0.1077994,0.08405424,0.03759157,0.05521941,0.08607079
132,0.001123546,0.001408637,4.063721E-05,0.003975175,0.01354076,0.4106237,0.06771116,0.07084214,0.1029355,0.111921,0.04543695,0.07488825,0.09555257
133,0.001016501,0.001326541,4.542196E-05,0.003813594,0.01249386,0.3497936,0.06611273,0.08529842,0.106042,0.1353405,0.0446239,0.08687165,0.1072212
134,0.0009334284,0.001295252,5.363959E-05,0.003782932,0.01142122,0.3284981,0.0640058,0.1067191,0.1064594,0.1423956,0.03943652,0.08643381,0.1085652
135,0.0008753126,0.001300316,6.432406E-05,0.003831359,0.0107558,0.3122109,0.0632556,0.1326587,0.1061659,0.1446686,0.0352903,0.08234327,0.1065795
136,0.0008342923,0.001321011,7.599777E-05,0.003902524,0.01033389,0.2978681,0.06310374,0.1574902,0.1045836,0.1463713,0.03268438,0.07790524,0.1035257
137,0.0008454889,0.001393578,8.883083E-05,0.004097953,0.01054791,0.2966771,0.0654179,0.173582,0.1044566,0.1397529,0.03137676,0.07042642,0.1013364
138,0.0009553439,0.001569166,0.0001033544,0.004550918,0.01193757,0.3227805,0.07249501,0.1742682,0.1084607,0.1170671,0.02906735,0.05756845,0.09917638
139,0.001145323,0.001801684,0.0001159575,0.00512409,0.01418633,0.3689203,0.08213791,0.159743,0.1133698,0.09048554,0.02487849,0.04449503,0.0935967
140,0.00134676,0.001984852,0.0001225029,0.005561194,0.01635409,0.4147185,0.08982575,0.1312123,0.1149811,0.07550546,0.02406825,0.03772894,0.08659024
141,0.001540244,0.002088816,0.0001207024,0.005763943,0.01812069,0.4571083,0.09447156,0.1028707,0.1132251,0.06568789,0.02478862,0.03424468,0.07996872
142,0.001535911,0.001936398,0.0001073463,0.005325472,0.01736794,0.4475797,0.08864002,0.07983174,0.1052813,0.0826254,0.03905406,0.04786825,0.08284657
143,0.001353033,0.001643189,9.229105E-05,0.004586592,0.01470918,0.3964907,0.07697517,0.0674865,0.09857666,0.1155597,0.05275891,0.07273689,0.09703121
144,0.001241619,0.001505036,8.907863E-05,0.004300773,0.01313539,0.3705462,0.07177561,0.06715057,0.1008003,0.1287697,0.05034703,0.08207908,0.1082597
145,0.001205008,0.001500924,9.7596E-05,0.004351529,0.01273471,0.3470568,0.07353695,0.07921255,0.1081142,0.1293438,0.04693263,0.08099797,0.1149152
146,0.001087104,0.001432101,0.000103718,0.004216996,0.01130474,0.3229894,0.06977184,0.09818305,0.1075367,0.1403988,0.04449725,0.08478725,0.1136909
147,0.001044659,0.00144468,0.0001129006,0.004272413,0.01078569,0.3157451,0.0695065,0.1183248,0.1077734,0.1386824,0.04072745,0.07957489,0.1120053
148,0.001054164,0.001508583,0.0001236035,0.004450956,0.01085039,0.3194498,0.07153244,0.1343092,0.1086391,0.129516,0.03827228,0.07111097,0.1091824
149,0.001096822,0.001591873,0.0001333263,0.004667688,0.01123621,0.3290445,0.07449852,0.1419953,0.1091211,0.1196022,0.03737262,0.06360877,0.1060312
150,0.001144674,0.001658199,0.0001399595,0.004831713,0.01161454,0.3377572,0.07688727,0.1423521,0.1084485,0.1139169,0.03833131,0.0593738,0.1035439
151,0.001142669,0.001649851,0.0001409288,0.004800111,0.01143091,0.3324479,0.07623968,0.1412089,0.1053264,0.119217,0.04201606,0.06138015,0.1029994
152,0.00127592,0.001780149,0.0001482881,0.005125106,0.01252188,0.3616776,0.08180358,0.1333683,0.1078319,0.1015867,0.03841805,0.05223869,0.1022237
153,0.001402938,0.001878064,0.0001528078,0.005377281,0.01344954,0.388448,0.08607651,0.1201763,0.1092162,0.09023432,0.03751527,0.04711911,0.09895358
154,0.001425944,0.001838147,0.0001475636,0.005264239,0.01328517,0.3894865,0.08458189,0.1067558,0.1062747,0.09621313,0.04370971,0.05219828,0.09881886
155,0.001259322,0.001615198,0.0001330207,0.004683405,0.01140552,0.3465992,0.07525075,0.1035151,0.09960634,0.1267658,0.05283151,0.07150551,0.1048294
156,0.001119494,0.00147697,0.0001282295,0.004358627,0.009968885,0.3139867,0.06931536,0.114889,0.09798664,0.1460188,0.0493669,0.08111124,0.110273
157,0.001139946,0.001480933,0.0001248631,0.004421446,0.009203227,0.3942595,0.06472903,0.1034799,0.09676304,0.118316,0.03823312,0.06637382,0.1014751
158,0.001150384,0.001495151,0.0001237968,0.004500859,0.009326098,0.3929093,0.06615091,0.1056611,0.1028095,0.1140658,0.03620457,0.06536122,0.1002414
159,0.001147875,0.00149573,0.00012122,0.004510018,0.009384424,0.3869644,0.06657568,0.1066918,0.1058371,0.1153368,0.03560673,0.0670094,0.09931878
160,0.001147073,0.001501304,0.0001191023,0.00451775,0.009477588,0.3815661,0.06695248,0.1080839,0.1078426,0.1167055,0.03487518,0.06822252,0.09898877
161,0.001180141,0.001542493,0.000118994,0.004612735,0.009860522,0.3861373,0.06869195,0.1084475,0.1104465,0.1116785,0.03345702,0.0655054,0.09832091
162,0.001219201,0.001583723,0.0001185226,0.004699945,0.01028348,0.391906,0.07037887,0.1071701,0.1122904,0.1070866,0.03298225,0.06324964,0.09703136
163,0.001237982,0.001595536,0.0001161399,0.004703049,0.01050759,0.3914523,0.07083811,0.1049903,0.1125114,0.1075955,0.03389313,0.06417628,0.09638277
164,0.001298217,0.001642246,0.0001151216,0.004796409,0.01105468,0.4028141,0.07284006,0.1011039,0.1140751,0.1007055,0.03308684,0.06074727,0.09572057
165,0.00133503,0.001655548,0.0001122433,0.004803306,0.01136557,0.4075046,0.07353801,0.09665971,0.1143217,0.09895627,0.03407254,0.06072252,0.09495296
166,0.00138992,0.001677125,0.0001092994,0.004830752,0.01179146,0.4174106,0.07470459,0.0909863,0.1149888,0.09441774,0.03416869,0.05906957,0.09445521
167,0.0013778,0.001629773,0.0001035798,0.004686838,0.01161903,0.4096873,0.07306708,0.08658256,0.1135352,0.100742,0.03705284,0.06440906,0.09550698
168,0.001424346,0.001641056,0.0001008078,0.004701348,0.01193757,0.418879,0.07398514,0.08231442,0.11493,0.09558239,0.03593872,0.06209821,0.09646702
169,0.001315839,0.0015606,0.0001013137,0.00449026,0.01165274,0.3332697,0.07432161,0.09815409,0.1164572,0.1276358,0.04386285,0.08037944,0.1067986
170,0.00119184,0.001476152,0.0001027735,0.004283114,0.01052196,0.3079598,0.06967734,0.1151535,0.1111141,0.1428765,0.04138483,0.08538853,0.1088696
171,0.001114101,0.001453342,0.0001086752,0.0042475,0.009866905,0.292051,0.06774925,0.1389272,0.1086919,0.1473362,0.03739157,0.08286475,0.1081975
172,0.001060299,0.001456579,0.0001160179,0.004275629,0.009456015,0.2792453,0.06694032,0.1629768,0.1064788,0.1489079,0.03459892,0.07865153,0.1058359
173,0.001156223,0.00160547,0.0001292794,0.004674054,0.01036204,0.2982849,0.07264118,0.1725801,0.109996,0.1277185,0.03163862,0.06496246,0.1042512
174,0.001267099,0.001743255,0.000139847,0.005037354,0.01133657,0.3177376,0.07797308,0.1693424,0.1120343,0.1139247,0.03169898,0.05690152,0.1008632
175,0.001449945,0.00191394,0.0001480148,0.00546075,0.01281014,0.3510222,0.08492951,0.1541945,0.1146208,0.09708676,0.0305751,0.04861604,0.0971723
176,0.001671583,0.002072274,0.0001518645,0.005838226,0.01442942,0.3912158,0.09164765,0.1316586,0.1162681,0.08185816,0.02927946,0.04182291,0.09208599
177,0.001856455,0.002139205,0.0001480141,0.00597368,0.01550971,0.4233783,0.09492326,0.1068566,0.1149005,0.0749934,0.03133086,0.04009089,0.08789908
178,0.001887862,0.002032327,0.0001345863,0.005667946,0.01516316,0.4254676,0.09132438,0.08588876,0.1096574,0.08367129,0.04076306,0.04860627,0.08973527
179,0.001744076,0.001797716,0.0001180114,0.005070595,0.01346993,0.3955829,0.08248235,0.07261717,0.1042499,0.1055038,0.05185471,0.06627785,0.09923103
180,0.001641724,0.001661099,0.0001108576,0.004770282,0.01230794,0.3787537,0.07765009,0.0677637,0.1051895,0.1150858,0.05219803,0.07449783,0.1083695
181,0.00144768,0.001525964,0.0001092104,0.004511994,0.01082346,0.3151618,0.07479065,0.08293118,0.1087159,0.1398501,0.0534631,0.08836307,0.118306
182,0.001268074,0.001431977,0.0001112829,0.004337619,0.009239624,0.2896915,0.06980546,0.1074943,0.1070025,0.1528819,0.04739336,0.0911232,0.1182192
183,0.001217882,0.001461425,0.0001198164,0.00447239,0.008782149,0.2865292,0.07022828,0.1337049,0.1077975,0.1462175,0.04197823,0.08154781,0.1159429
184,0.00110586,0.001427921,0.0001244217,0.004412101,0.007965989,0.2668329,0.0676353,0.1632845,0.103604,0.1536943,0.03970869,0.07947111,0.110733
185,0.001010405,0.001396346,0.0001279813,0.004336428,0.007297168,0.2467566,0.06529222,0.1916169,0.09839283,0.1628981,0.03682776,0.07756231,0.1064849
186,0.001036764,0.001479535,0.0001376278,0.00458152,0.007501837,0.2493431,0.06838173,0.2075616,0.09823631,0.1532589,0.0349003,0.06854337,0.1050374
187,0.001173977,0.00165923,0.0001513464,0.005098828,0.008448618,0.2721779,0.07591595,0.2067706,0.1019834,0.1318722,0.03337285,0.05722313,0.104152
188,0.001438852,0.001926388,0.0001655176,0.005838421,0.01013983,0.317638,0.08723029,0.1887156,0.1078423,0.1039207,0.02912375,0.0449428,0.1010773
189,0.001718115,0.002141757,0.0001736891,0.006454572,0.01170405,0.3630587,0.09628606,0.1510774,0.1109788,0.09058286,0.02973047,0.03963101,0.09646259
190,0.001837749,0.002136308,0.0001649998,0.006434065,0.01194405,0.3786156,0.09623554,0.1197841,0.1073478,0.09643913,0.03893548,0.04479547,0.09532969
191,0.001926419,0.002090868,0.0001543852,0.006310577,0.01187517,0.391881,0.09487899,0.0951639,0.1048348,0.09839109,0.04500315,0.04913548,0.09835412
192,0.001862077,0.001931821,0.0001409569,0.005895393,0.01091609,0.381372,0.08889847,0.07840399,0.10208,0.1108202,0.05300356,0.05992507,0.1047504
193,0.001725775,0.00170881,0.0001278471,0.005328234,0.008949616,0.4234135,0.07570996,0.05924273,0.09550827,0.1104164,0.05035353,0.06541892,0.1020962
194,0.001685753,0.001627562,0.0001255505,0.005170235,0.008468348,0.4185456,0.07414024,0.05271988,0.1012012,0.1118122,0.0479533,0.06944536,0.1071047
195,0.001615838,0.001557344,0.0001247108,0.005024605,0.007999608,0.4090288,0.07237449,0.05089882,0.1060772,0.1158068,0.0459626,0.07422356,0.1093056
196,0.001501687,0.001481298,0.000124001,0.004835455,0.007446054,0.3903464,0.06963695,0.05408191,0.1089783,0.1257378,0.04367608,0.08167908,0.110475
197,0.001401145,0.001440981,0.0001259759,0.004728517,0.007067457,0.374899,0.0678177,0.06303176,0.1113429,0.1326986,0.0394379,0.08558939,0.1104187
198,0.00142585,0.001508922,0.0001337715,0.004918884,0.007386153,0.3877577,0.07045931,0.07236303,0.1158528,0.1193054,0.0345704,0.07608095,0.1082369
199,0.0014795,0.001590377,0.000140549,0.005128095,0.007869613,0.4055136,0.07354,0.07919218,0.1186305,0.1050617,0.03184911,0.06677132,0.1032334
200,0.001611848,0.001705543,0.0001457057,0.005406369,0.008713849,0.4400257,0.07823886,0.07890101,0.1207958,0.08537813,0.02817741,0.05466621,0.09623355
201,0.001669004,0.00172409,0.0001427884,0.005402905,0.009061422,0.4546581,0.07903212,0.0745877,0.1182806,0.08125214,0.03023013,0.05312717,0.09083185
202,0.001607481,0.001626932,0.0001320771,0.005072299,0.008676852,0.4404464,0.07513861,0.07109822,0.1124829,0.09284818,0.0370663,0.06218433,0.09161941
203,0.001470499,0.001489807,0.0001217397,0.00466522,0.00789277,0.4096754,0.06958487,0.07298598,0.1079782,0.1110507,0.04143591,0.07442176,0.09722725
204,0.001401775,0.001440052,0.0001195377,0.004535696,0.007547175,0.3975151,0.06771405,0.08008137,0.1083926,0.1148117,0.03960202,0.07560141,0.1012375
205,0.001291211,0.001397316,0.0001211886,0.004414613,0.007325307,0.3582409,0.06630777,0.09878939,0.1091127,0.1281242,0.03934032,0.08084209,0.1046929
206,0.001165787,0.001350505,0.0001232583,0.004276633,0.006892416,0.3321609,0.06327813,0.1216415,0.1063427,0.1395296,0.03641532,0.08270975,0.1041136
207,0.001093382,0.00135677,0.0001292489,0.004285614,0.006759622,0.316386,0.06242844,0.1460364,0.1047278,0.142443,0.03305916,0.0788929,0.1024019
208,0.001087114,0.001421627,0.0001387048,0.004455291,0.007013868,0.3142591,0.06414118,0.1638187,0.1047541,0.1361378,0.03116539,0.07127357,0.1003336
209,0.001098596,0.001490903,0.0001474109,0.004632784,0.007342674,0.3137694,0.06614479,0.1732286,0.1042503,0.1320303,0.03131196,0.06622473,0.09832758
210,0.001167235,0.001600365,0.0001573532,0.004920155,0.007998489,0.3255768,0.0700792,0.1720365,0.1053472,0.1223749,0.03153022,0.05990795,0.09730361
211,0.001354705,0.001803097,0.0001707131,0.005452993,0.009391239,0.3648876,0.07815881,0.1589921,0.1098477,0.09883072,0.02824638,0.04835031,0.09451365
212,0.001582118,0.001995163,0.0001798735,0.005949552,0.01093657,0.4116077,0.08606431,0.1347006,0.1129322,0.079952,0.02571256,0.03972372,0.08866354
213,0.001790668,0.002103482,0.000179321,0.006202817,0.0121612,0.4531531,0.09096683,0.1067008,0.1124819,0.06956739,0.02613562,0.03598326,0.08257368
214,0.001911776,0.002079915,0.0001680199,0.006093315,0.01260389,0.4760749,0.09098581,0.08206874,0.108627,0.06920172,0.0312536,0.03871504,0.08021629
215,0.001917458,0.001943934,0.0001508263,0.005700886,0.01219489,0.4762587,0.08677361,0.06280678,0.1039186,0.07691149,0.03982317,0.04751272,0.08408698
216,0.001662636,0.001635254,0.0001279535,0.00488287,0.01022344,0.4217618,0.07518633,0.0527548,0.09852658,0.1096079,0.05297018,0.07360297,0.09705733
217,0.001427158,0.001452886,0.0001151374,0.004477474,0.008847789,0.3519632,0.06983221,0.06214202,0.1023374,0.140262,0.05165565,0.0931413,0.1123458
218,0.001232479,0.001356886,0.0001121158,0.00428952,0.007691263,0.3223387,0.06520404,0.08636047,0.1041974,0.1535139,0.04267239,0.09675019,0.1142805
219,0.001098577,0.0013324,0.000114897,0.004262981,0.007049978,0.3018144,0.06300972,0.1233657,0.1043427,0.1568684,0.03492478,0.09125413,0.1105613
220,0.001012481,0.001346074,0.0001196178,0.00430948,0.006745497,0.2864158,0.06221459,0.1609956,0.1023158,0.1562223,0.03041816,0.08286654,0.1050181
221,0.001026841,0.001441033,0.0001276214,0.004572591,0.007081872,0.2901461,0.06517615,0.1836342,0.1023192,0.1435095,0.02880411,0.07086003,0.1013008
222,0.001040767,0.001510737,0.0001328892,0.00475939,0.007358899,0.289645,0.06730662,0.1945198,0.1005259,0.1395466,0.0302715,0.0651792,0.0982027
223,0.001167587,0.001674443,0.0001411931,0.005214163,0.008348661,0.3139657,0.07381473,0.1890206,0.1029386,0.1214104,0.02984228,0.05525232,0.09720942
224,0.001416106,0.001922422,0.0001495719,0.005890776,0.01006974,0.3645573,0.08410465,0.1705306,0.1078937,0.0929352,0.02520174,0.04232848,0.09299968
225,0.001560438,0.002002095,0.0001476519,0.006124944,0.01089935,0.3892847,0.08765869,0.1387955,0.1068184,0.09246314,0.03116805,0.04304882,0.09002823
226,0.00159557,0.001936489,0.0001360685,0.005930332,0.01081922,0.3917221,0.08557701,0.1170062,0.1024076,0.1009594,0.04002478,0.04986063,0.09202463
227,0.001587913,0.001844021,0.0001260381,0.005689291,0.01043486,0.3887059,0.08260868,0.1018777,0.1000763,0.1077599,0.04556672,0.05633329,0.0973893
228,0.001486457,0.001699001,0.0001172431,0.005319719,0.009517743,0.3688268,0.07731573,0.09504722,0.09845183,0.1219809,0.04981554,0.06669249,0.1037294
229,0.001268102,0.001520035,0.0001162157,0.004809466,0.007906384,0.3188208,0.06992862,0.1055057,0.09671267,0.1514927,0.04916766,0.08289353,0.109858
230,0.001176202,0.001494346,0.0001245281,0.004740505,0.007221733,0.3056159,0.06805705,0.1226588,0.09793221,0.155886,0.04227173,0.08168704,0.1111339
231,0.001137425,0.001530841,0.000135867,0.004840059,0.006985454,0.3022448,0.0686949,0.1404983,0.0994868,0.1513875,0.03803014,0.07576233,0.1092657
232,0.00109451,0.001553123,0.000144497,0.004884283,0.006769527,0.2948729,0.06871469,0.1558082,0.09860149,0.1523858,0.03606941,0.07288772,0.1062139
233,0.001134629,0.001648739,0.0001554587,0.005131155,0.00705866,0.3042629,0.07199034,0.1602305,0.09966193,0.1430202,0.03479493,0.06607539,0.104835
234,0.001195962,0.001746924,0.0001647121,0.00538678,0.007444996,0.3167046,0.07554162,0.1567054,0.1004803,0.1348043,0.03528375,0.06111713,0.1034235
235,0.001404494,0.001973324,0.0001778577,0.005978762,0.008631784,0.3615566,0.08440422,0.1408491,0.104965,0.1084161,0.03129226,0.04922324,0.1011272
236,0.001724522,0.002264165,0.0001914152,0.006749896,0.01032273,0.4300112,0.09577233,0.1109999,0.1100977,0.07841371,0.02409506,0.03598114,0.09337609
237,0.002004395,0.002420896,0.000189977,0.007113513,0.01148044,0.4885174,0.1019417,0.07791533,0.10921,0.06376255,0.02257433,0.03016612,0.0827034
238,0.002231968,0.002450585,0.0001767802,0.007108961,0.01204991,0.5377983,0.1035242,0.04951596,0.104475,0.05535639,0.0235118,0.02782087,0.07397933
239,0.002224465,0.002239213,0.0001512035,0.006466942,0.01121968,0.5399543,0.09611934,0.03086058,0.09616091,0.0659903,0.0362268,0.03740782,0.07497844
240,0.002192783,0.002040159,0.0001304906,0.005903492,0.01033168,0.5431565,0.08963874,0.02083694,0.09182349,0.06805436,0.04228641,0.04270764,0.08089725
241,0.002156581,0.001932821,0.0001199192,0.005644096,0.01006644,0.4839208,0.09166345,0.01759659,0.09814893,0.08211219,0.05396968,0.05457434,0.09809408
242,0.001583076,0.001486078,9.975379E-05,0.004485758,0.007021191,0.3907719,0.07225496,0.01875865,0.09269845,0.1358753,0.06797551,0.09258895,0.1144004
243,0.001229359,0.001313478,0.0001018214,0.004106107,0.00546078,0.3438877,0.06386149,0.03477373,0.09619839,0.1668092,0.05262685,0.108331,0.1213001
244,0.001132668,0.001365659,0.0001147675,0.004290837,0.005263868,0.3490643,0.06503923,0.06936098,0.1009116,0.1510732,0.04151256,0.09198266,0.1188877
245,0.001036643,0.001405434,0.0001253094,0.004410343,0.005148756,0.3443908,0.06531141,0.1113265,0.0998373,0.1408308,0.03704622,0.07838893,0.1107416
246,0.0009460114,0.001406735,0.0001299881,0.004390222,0.004995339,0.3293343,0.06423835,0.1479745,0.09437414,0.1414521,0.03655196,0.07052845,0.1036779
247,0.001068791,0.001600998,0.0001403013,0.004874428,0.005849126,0.3707047,0.07198331,0.1549467,0.09645041,0.1092623,0.03096509,0.05215179,0.1000019
248,0.00127808,0.001857408,0.0001530953,0.005563969,0.007108571,0.4341362,0.08229087,0.1336008,0.09986302,0.07989453,0.02445926,0.03768868,0.0921055
249,0.001434861,0.001985245,0.0001528185,0.005870359,0.007887046,0.4802882,0.0874518,0.1031323,0.09795722,0.07062937,0.02599635,0.03344003,0.08377437
250,0.001449032,0.001914038,0.0001398957,0.005631819,0.007726093,0.4865656,0.0847933,0.08110934,0.09182202,0.07945116,0.0366399,0.03972418,0.08303354
251,0.001329423,0.001718187,0.000124274,0.005091725,0.006848499,0.4578791,0.07732402,0.07069552,0.0864208,0.09901559,0.04916231,0.05336555,0.09102507
252,0.001197912,0.001564182,0.0001165447,0.004709816,0.006040828,0.4300931,0.07152809,0.06969813,0.0854453,0.1135629,0.05300268,0.06327135,0.09976929
253,0.001041615,0.001369061,0.000104863,0.004212736,0.004937134,0.4772047,0.05953621,0.06079602,0.07991982,0.1085515,0.04511145,0.06374861,0.09346635
254,0.0009284694,0.001285546,0.0001044493,0.004036393,0.004608916,0.4395519,0.05691606,0.07085591,0.08495217,0.1240686,0.04141862,0.07374138,0.09753166
255,0.000884403,0.001299438,0.0001099817,0.004101183,0.004697334,0.4287911,0.05755429,0.08432903,0.08978352,0.1232473,0.03585856,0.071422,0.09792183
256,0.0008845823,0.001367115,0.0001176893,0.00428983,0.005062379,0.4333793,0.06002704,0.09531493,0.09367201,0.113796,0.03229205,0.06420663,0.09559043
257,0.0008597235,0.00139664,0.0001220769,0.004350536,0.005274156,0.4235783,0.06072434,0.1055136,0.09405714,0.1156766,0.03197747,0.06347022,0.09299916
258,0.0009145417,0.001506111,0.0001285512,0.004613938,0.005941918,0.4448931,0.06479657,0.105571,0.09616646,0.1009298,0.0295442,0.0544539,0.09053996
259,0.001011064,0.00164059,0.0001336499,0.004931471,0.006841659,0.4813856,0.07002309,0.09754344,0.09813198,0.08216409,0.0264152,0.0444584,0.08531982
260,0.001126818,0.001755831,0.0001340937,0.005179401,0.007786888,0.5238259,0.0747075,0.08235928,0.09828331,0.066276,0.02376818,0.03652779,0.07826893
261,0.001182208,0.001757814,0.0001267563,0.005125002,0.008197487,0.5413875,0.07521537,0.06711338,0.09516703,0.06510069,0.02743654,0.03763746,0.07455271
262,0.001221725,0.00172046,0.0001166837,0.004968157,0.008392861,0.5551192,0.07450675,0.05449932,0.09210541,0.06383862,0.03048972,0.03914744,0.07387378
263,0.001069916,0.001483702,0.0001005251,0.004323973,0.007249687,0.4945235,0.06579804,0.05043453,0.08712224,0.09653438,0.04418179,0.06331678,0.08386102
264,0.0009907339,0.00138862,9.643311E-05,0.004107189,0.006716186,0.4693974,0.06259876,0.053514,0.0891812,0.1068245,0.04196394,0.07008155,0.09313951
265,0.0008859336,0.001315872,9.668904E-05,0.003963836,0.006080361,0.4207,0.0605071,0.07178428,0.09284566,0.1242263,0.03998372,0.07868167,0.09892865
266,0.0008391368,0.001321117,0.0001010506,0.004005591,0.005862885,0.4093924,0.06043282,0.09324586,0.09486514,0.122387,0.03542928,0.07337013,0.09874764
267,0.000757374,0.001288717,0.0001043486,0.003932469,0.005444479,0.3784404,0.05838792,0.1224518,0.09322798,0.1327871,0.03306612,0.07391519,0.09619617
268,0.0007201285,0.00130531,0.0001096419,0.003975928,0.005343325,0.3610965,0.05840901,0.1486009,0.09177165,0.1347159,0.0306697,0.06924144,0.09404045
