"<HEADER software/>"
EwEVersion,"6.7.0.17868 (compiled 5/31/2022)"
Date,"7/27/2023 4:35:40 PM"
"<HEADER ecopath/>"
ModelName,1
"<HEADER ecosim/>"
EcosimScenario,spa_01_adjTry3
TimeSeries,TS_updated_IB13
StartYear,1980
"<HEADER end/>"

Data,"Prey of Vermilion snapper"

timestep\group,"Pelagic coastal piscivores",Amberjack,Cobia,"Vermilion snapper","Oceanic piscivores","Demersal coastal invertebrate feeders","Benthic coastal invertebrate feeders",Sardine-herring-scad,Cephalopod,"Pink shrimp","Brown shrimp","White shrimp",Crab,"Sessile epifauna","Mobile epifauna",Zooplankton,Infauna,Algae,Detritus,
1,0.0002910786,0.000460272,0.0004291717,1.539234E-05,0.002441056,0.005441774,0.008338249,0.01579192,0.07039342,0.003078972,0.002575655,0.02455288,0.03544953,0.07827428,0.1372274,0.3148548,0.1446202,0.02434442,0.1314194
2,0.0002628272,0.0004177915,0.0003861024,1.404865E-05,0.002205453,0.004966286,0.007616621,0.01435309,0.06743272,0.002964368,0.002566361,0.02354432,0.03102123,0.07412537,0.1291973,0.3437417,0.1368693,0.0271085,0.1312067
3,0.0002162592,0.0003446979,0.0003155834,1.172091E-05,0.001816351,0.004158384,0.006412536,0.01200864,0.06214175,0.002713354,0.00248079,0.02157147,0.02508005,0.06642409,0.1152484,0.396165,0.1252375,0.03072637,0.126927
4,0.0001954072,0.0003117939,0.0002827037,1.078829E-05,0.001643496,0.003832857,0.00596237,0.0110913,0.06745,0.00268739,0.002516868,0.02122297,0.02252598,0.06478269,0.1106762,0.4188582,0.1180471,0.02807635,0.1198254
5,0.0001920083,0.0003063523,0.0002750386,1.081833E-05,0.001618797,0.003839597,0.006032762,0.01113635,0.08148118,0.002817333,0.002640467,0.02205181,0.02211201,0.06759189,0.112631,0.4127614,0.1152856,0.02379482,0.1134208
6,0.0002102191,0.0003356225,0.0002984317,1.205171E-05,0.001778571,0.00425335,0.00673076,0.01231572,0.1039051,0.003112887,0.002829535,0.02405646,0.02394981,0.07540382,0.1215001,0.3746828,0.1168413,0.01907453,0.108709
7,0.0002444508,0.0003910229,0.0003444875,1.419127E-05,0.002077131,0.004960755,0.007878833,0.01428118,0.1302468,0.003497427,0.003046913,0.02675218,0.02716844,0.08655659,0.1343029,0.3154068,0.121193,0.01600638,0.1056305
8,0.0002828877,0.0004540531,0.0003964482,1.654285E-05,0.002414852,0.00571925,0.009082833,0.01630618,0.1503114,0.00382179,0.003206129,0.02910971,0.03023465,0.09747706,0.1459264,0.256619,0.1262004,0.01563518,0.1067852
9,0.0003316312,0.0005353116,0.0004633682,1.944558E-05,0.002842655,0.006635364,0.0104897,0.01866735,0.1637862,0.004111297,0.003281853,0.03113845,0.03354636,0.1090093,0.1576785,0.2027983,0.1312006,0.01472585,0.1087385
10,0.0003869316,0.0006292613,0.0005400669,2.269624E-05,0.003327822,0.007631803,0.01197566,0.02116479,0.1706613,0.004348893,0.003315052,0.03287604,0.03672073,0.1205355,0.1689807,0.1532744,0.1373419,0.01421606,0.1120503
11,0.0004315108,0.0007079934,0.0006024603,2.528672E-05,0.003720662,0.008382688,0.01302858,0.02291109,0.1656457,0.00442549,0.003278258,0.03360508,0.03826657,0.1283644,0.1758137,0.1168327,0.1447256,0.01619464,0.1230376
12,0.0005110292,0.0008479985,0.0007155288,2.989595E-05,0.004411934,0.009730891,0.01493046,0.02619922,0.1668434,0.004617495,0.003190115,0.03481129,0.04196984,0.1415771,0.1880356,0.07895638,0.149551,0.01252976,0.1205411
13,0.0005840295,0.0009856856,0.0008227809,3.409422E-05,0.005057438,0.01086434,0.01657919,0.02915375,0.152764,0.004490417,0.003022418,0.03431929,0.04195566,0.1450516,0.1900934,0.05677828,0.1590036,0.01669329,0.1317467
14,0.0005733938,0.0009846983,0.0008127913,3.341057E-05,0.004977866,0.01046142,0.01585824,0.02798609,0.1276556,0.004132964,0.002782543,0.03213976,0.03852486,0.1391779,0.1829702,0.04979866,0.1715846,0.02548252,0.1640625
15,0.0005644723,0.0009863396,0.0008051432,3.28662E-05,0.004911006,0.0101232,0.0152465,0.02703634,0.1079192,0.003923127,0.002676113,0.03101056,0.03605248,0.135478,0.179774,0.047548,0.186197,0.02721976,0.1824959
16,0.0005128387,0.000910691,0.0007352101,2.986307E-05,0.004470106,0.00910269,0.01363872,0.02430349,0.08556774,0.003674515,0.002652183,0.02961823,0.03186172,0.126457,0.1723201,0.05902803,0.2025434,0.03394688,0.1986267
17,0.000430722,0.0007757464,0.0006196867,2.511343E-05,0.003759403,0.007622485,0.01139161,0.02038562,0.06435139,0.003416027,0.002679498,0.02788201,0.02680675,0.1136839,0.1600814,0.09802566,0.2111603,0.04217094,0.2047318
18,0.0003663575,0.0006681585,0.0005285468,2.143755E-05,0.003199722,0.006492351,0.009696428,0.01742361,0.05111565,0.003265328,0.002700449,0.0264381,0.02347259,0.1037617,0.1492509,0.1727406,0.2037062,0.03869984,0.1864521
19,0.0003242736,0.0005981467,0.0004688168,1.910088E-05,0.002832462,0.005772484,0.008630881,0.01557526,0.04465217,0.003200967,0.002691406,0.02541206,0.02170933,0.09728179,0.1415527,0.2484925,0.1888596,0.03125669,0.1606695
20,0.0003193262,0.0005958611,0.0004629176,1.897278E-05,0.002788748,0.005701487,0.008533474,0.01547579,0.04483691,0.003317303,0.002717174,0.02563685,0.02222764,0.09804434,0.1425737,0.2849923,0.1785261,0.02373298,0.1394981
21,0.0003393904,0.0006411436,0.0004938031,2.034867E-05,0.002963376,0.006057365,0.009068192,0.01653717,0.04886414,0.003543705,0.002767113,0.02669632,0.02419071,0.1037026,0.1495411,0.2880495,0.1733663,0.01877106,0.1243868
22,0.0003484354,0.0006665452,0.0005088759,2.106469E-05,0.003042345,0.00621249,0.009298511,0.01704932,0.05103154,0.003623697,0.00274358,0.02692093,0.02506743,0.1060024,0.1520926,0.2847011,0.1681944,0.02035885,0.1221158
23,0.0003705977,0.0007187128,0.0005438966,2.255942E-05,0.003236826,0.006578076,0.009825975,0.01812068,0.05376898,0.003732502,0.002707542,0.02736977,0.02652349,0.1104717,0.1571904,0.2693745,0.1663998,0.01975174,0.1232923
24,0.0003603455,0.0007081558,0.0005310597,2.207285E-05,0.003149331,0.006383648,0.009520346,0.01764924,0.05164769,0.00359956,0.002600445,0.02642741,0.0255937,0.1074013,0.1532283,0.2708799,0.1633188,0.02417036,0.1328084
25,0.0003933095,0.0007717877,0.0005741059,2.404641E-05,0.003445559,0.006926568,0.0103487,0.0193629,0.04746513,0.003365426,0.002426852,0.02496589,0.02420103,0.1013815,0.147248,0.2636974,0.1669113,0.03215004,0.1443405
26,0.0003690517,0.0007228316,0.0005334405,2.253826E-05,0.003241592,0.006482919,0.009710952,0.01833605,0.04358381,0.003191469,0.002337046,0.02393824,0.02285458,0.09558208,0.1421348,0.2719895,0.1708415,0.03402169,0.1501058
27,0.0003428299,0.0006698587,0.0004905941,2.093389E-05,0.00301953,0.00602678,0.009059492,0.01725924,0.04036865,0.003065131,0.002295624,0.0231686,0.02164856,0.09005263,0.1374563,0.2884582,0.172551,0.03453107,0.1495149
28,0.0003357085,0.0006544504,0.0004758907,2.05158E-05,0.002965442,0.005908479,0.008915495,0.01714229,0.03990159,0.003087126,0.002324322,0.02329161,0.02177567,0.08876274,0.1381554,0.2957509,0.174606,0.03137305,0.1445533
29,0.0003206191,0.0006232997,0.0004501809,1.961771E-05,0.00284047,0.005662677,0.008583466,0.0166464,0.03892526,0.003069378,0.002338408,0.02311651,0.02144805,0.08592756,0.1365816,0.3067468,0.1738729,0.03201315,0.1408137
30,0.0003218426,0.0006242281,0.0004480382,1.972123E-05,0.00286029,0.005697625,0.008673565,0.01696815,0.03989619,0.003153593,0.002385546,0.02354821,0.02216499,0.08642362,0.1392285,0.3055888,0.1745256,0.02995185,0.1375196
31,0.0003418608,0.000662109,0.0004724748,2.097423E-05,0.00304884,0.006050449,0.009243556,0.01824594,0.04284401,0.003345155,0.002463747,0.02465162,0.02408884,0.09060054,0.1467123,0.2915071,0.1777338,0.0257893,0.1321774
32,0.0003699079,0.0007160805,0.00050816,2.2707E-05,0.003311838,0.006528411,0.01000006,0.01991887,0.04609907,0.003546198,0.00252301,0.02580936,0.02641614,0.09583499,0.1552587,0.27039,0.181413,0.02340484,0.1279287
33,0.0004130224,0.0008005012,0.000564982,2.534582E-05,0.003714668,0.007240794,0.01110342,0.02233032,0.0498784,0.003772744,0.002548705,0.02706119,0.02951399,0.1031611,0.1659054,0.2416805,0.185771,0.02068449,0.1238294
34,0.0004555612,0.00088518,0.0006212614,2.792737E-05,0.004118321,0.007916545,0.01213877,0.02465673,0.05226926,0.003915864,0.002513999,0.02780363,0.03223141,0.1093479,0.1743066,0.2135119,0.1895099,0.02029255,0.1234766
35,0.0004378308,0.0008528299,0.0005949742,2.678719E-05,0.003979274,0.007569235,0.0116021,0.02377683,0.04738769,0.003651496,0.002322075,0.02606595,0.03055043,0.1035164,0.1662029,0.2073492,0.188897,0.03185852,0.1433585
36,0.0003955755,0.0007715274,0.0005350856,2.415156E-05,0.003613299,0.006828065,0.01047137,0.02163766,0.0409305,0.003328872,0.002174232,0.02415242,0.02749448,0.09410418,0.1541512,0.2205587,0.1890313,0.03916869,0.1606287
37,0.0002909353,0.0005736444,0.0003947757,1.791438E-05,0.00267386,0.005089311,0.00781193,0.01619515,0.03426792,0.003016108,0.002159906,0.02217189,0.02312481,0.08221557,0.1372607,0.2928282,0.1757548,0.03763847,0.156514
38,0.0002413067,0.0004798005,0.0003277949,1.503006E-05,0.002229253,0.00429819,0.006626314,0.0137731,0.03105186,0.002797228,0.002159962,0.02066062,0.0199595,0.07291112,0.1238264,0.3625188,0.1593876,0.03515443,0.1415817
39,0.0001990453,0.000397821,0.0002699351,1.258421E-05,0.001846392,0.003631206,0.005648506,0.01175537,0.03029274,0.002620859,0.002163873,0.01939094,0.01733562,0.06508355,0.1122102,0.4244432,0.1425706,0.0337229,0.1264047
40,0.0001683387,0.0003370897,0.0002272872,1.084031E-05,0.001566284,0.003158726,0.00498082,0.01036271,0.03272717,0.002517169,0.002186417,0.01859195,0.01552783,0.05982447,0.1040885,0.4683473,0.12826,0.03254275,0.1145743
41,0.0001499197,0.000299828,0.0002010119,9.858773E-06,0.001397949,0.002899068,0.004652512,0.009658706,0.03956423,0.002510296,0.002250522,0.01846861,0.01466061,0.05770407,0.1004432,0.4900353,0.1182757,0.03059229,0.1062263
42,0.0001540785,0.0003074189,0.0002050917,1.033859E-05,0.001439961,0.003052193,0.004985688,0.01031337,0.05494618,0.002729789,0.002429263,0.01988157,0.01580792,0.06185221,0.1062788,0.4722137,0.1164992,0.02524469,0.1016486
43,0.0001783005,0.0003553318,0.0002360711,1.214372E-05,0.001671816,0.003576188,0.005923567,0.01219324,0.07826651,0.003126651,0.002664911,0.02242075,0.01875363,0.07119457,0.1193796,0.4244302,0.1199119,0.01902427,0.09668044
44,0.0002227336,0.0004442807,0.0002940298,1.530732E-05,0.002097991,0.004470306,0.00747707,0.01530849,0.1085097,0.003668712,0.002949739,0.02596999,0.02343569,0.08533236,0.1385414,0.3475988,0.1271978,0.01460551,0.09186016
45,0.0002795052,0.000559832,0.0003690029,1.926674E-05,0.002648484,0.005559861,0.00934267,0.01902949,0.1360938,0.004167601,0.003135299,0.02919856,0.02866213,0.1005156,0.1575363,0.2687263,0.1337781,0.01274582,0.08763253
46,0.0003230906,0.0006515144,0.0004273871,2.225677E-05,0.003082977,0.006349647,0.01067942,0.02165337,0.1466021,0.004349883,0.003119259,0.03043615,0.03173559,0.1096978,0.167046,0.2127427,0.1381808,0.0165778,0.09632228
47,0.0003161581,0.0006423012,0.000418984,2.173096E-05,0.003039667,0.00616942,0.01036955,0.02092586,0.1294503,0.004035126,0.002922103,0.02868981,0.02969046,0.105682,0.1596051,0.1933485,0.1440914,0.0297472,0.1308343
48,0.0003138942,0.0006425736,0.0004168827,2.155497E-05,0.003041323,0.006094405,0.01024541,0.02058893,0.1161915,0.003917553,0.002923996,0.02841343,0.02862672,0.1049588,0.1580615,0.1757758,0.1552445,0.03190363,0.1526176
49,0.0003544493,0.0007306188,0.0004693028,2.415888E-05,0.003459472,0.006817113,0.01152484,0.02317983,0.1047961,0.003828649,0.002828483,0.02830837,0.02788201,0.1039966,0.1585432,0.1610812,0.169896,0.03429714,0.1579826
50,0.0003423734,0.0007110453,0.0004522917,2.320025E-05,0.003367875,0.006554079,0.01114095,0.02243403,0.09199216,0.003732573,0.002773337,0.02803287,0.02667139,0.1012163,0.1570671,0.1616677,0.1820236,0.03708299,0.1627141
51,0.000324575,0.0006795166,0.0004282217,2.190126E-05,0.003218806,0.006207955,0.01060934,0.0213957,0.0800985,0.003648203,0.002732828,0.02761855,0.02540062,0.09768897,0.1543365,0.1719064,0.1892639,0.03968721,0.1647324
52,0.0003039281,0.0006414515,0.0004007233,2.045383E-05,0.003038586,0.005828925,0.01001816,0.02023726,0.07008789,0.003583408,0.00270798,0.02715753,0.02420858,0.09393189,0.150879,0.1933353,0.1916094,0.04047564,0.1615339
53,0.0002890234,0.0006149921,0.0003811349,1.942867E-05,0.002912648,0.005568462,0.009627732,0.01948812,0.06352268,0.00357575,0.002697981,0.02692899,0.02362606,0.09156201,0.1488093,0.2178535,0.1902381,0.03829034,0.1539937
54,0.000289579,0.000621391,0.0003823087,1.945867E-05,0.002940561,0.005596689,0.009733005,0.01975678,0.06145171,0.003677684,0.002711024,0.02733662,0.02428593,0.09256142,0.1510256,0.2321299,0.1884345,0.03298586,0.1440601
55,0.0003113727,0.000674576,0.0004122241,2.091638E-05,0.00318572,0.00601045,0.01050457,0.02140861,0.06364252,0.003907812,0.002736345,0.0285163,0.02653128,0.09796855,0.1589039,0.2284432,0.1884899,0.02607835,0.1322534
56,0.0003528663,0.0007732271,0.0004693413,2.368826E-05,0.003638391,0.006767477,0.0118713,0.02432379,0.0684459,0.004212669,0.002740341,0.03013038,0.03007682,0.1069104,0.1708545,0.2085327,0.1899435,0.02020184,0.1197309
57,0.0003873337,0.0008595608,0.0005180312,2.596799E-05,0.004025984,0.007366149,0.01295414,0.02670229,0.07022064,0.004352241,0.002658042,0.03076855,0.03257691,0.1129191,0.1780262,0.186666,0.1902132,0.02118851,0.1175712
58,0.0003931736,0.0008843577,0.000528855,2.630717E-05,0.004120632,0.007421705,0.01306954,0.02710596,0.06572213,0.004196355,0.00246044,0.02958775,0.03234305,0.1116499,0.1749903,0.1756521,0.1890555,0.02888012,0.1319118
59,0.0003852743,0.0008781688,0.0005209364,2.572437E-05,0.004070814,0.007230369,0.0127462,0.02660294,0.05950854,0.003980833,0.002300248,0.02825265,0.03108514,0.1078447,0.1695949,0.1723544,0.1906131,0.03361557,0.1483895
60,0.000360773,0.0008324994,0.000489818,2.403982E-05,0.003841369,0.006755506,0.01192357,0.02503798,0.052149,0.003724096,0.002184911,0.02676938,0.02882863,0.1012709,0.1615307,0.1858624,0.1924857,0.03760868,0.15832
61,0.0003235863,0.0007512812,0.0004404245,2.155697E-05,0.003469925,0.006072788,0.01072124,0.02262748,0.04651394,0.003557008,0.002238943,0.02573446,0.02723299,0.09572348,0.1548764,0.2150587,0.1902594,0.03610479,0.1582717
62,0.0002808085,0.0006545418,0.0003824548,1.871176E-05,0.003029343,0.005308693,0.00938729,0.0198933,0.03992588,0.003278669,0.002249215,0.02394174,0.0242267,0.08606374,0.1422861,0.2647308,0.1816616,0.0392141,0.1534664
63,0.0002471289,0.0005772752,0.0003364047,1.649282E-05,0.002679193,0.004717562,0.008369531,0.01780367,0.03615558,0.003088227,0.002273898,0.0226109,0.02204531,0.07855602,0.1323763,0.3150616,0.1708306,0.03821231,0.1440421
64,0.0002294537,0.0005363026,0.0003118936,1.535492E-05,0.002497348,0.004425903,0.007890651,0.01684535,0.0358309,0.003042568,0.00234694,0.0221929,0.02124717,0.07503346,0.128235,0.3490088,0.1625323,0.03426657,0.1335111
65,0.0002294772,0.000536308,0.000311454,1.540148E-05,0.002505796,0.004462786,0.008001078,0.01714198,0.03877281,0.003147309,0.002473095,0.02275511,0.02196655,0.0758756,0.1305679,0.3575226,0.1589136,0.02962437,0.1251768
66,0.0002496028,0.000583607,0.0003385992,1.678095E-05,0.002734072,0.004867872,0.008770493,0.01886263,0.044765,0.003405282,0.002645923,0.02429634,0.02440066,0.08141754,0.1397966,0.338775,0.1605683,0.02472209,0.1187836
67,0.0002865531,0.0006712341,0.0003891195,1.926019E-05,0.003149665,0.00557043,0.01007071,0.02175145,0.05248373,0.003751593,0.00282572,0.0263945,0.02815997,0.09032761,0.1536207,0.300343,0.1655316,0.02094112,0.1137121
68,0.0003295962,0.0007748161,0.0004486719,2.210563E-05,0.003637937,0.006359024,0.01151517,0.02498715,0.05915579,0.004051525,0.002945057,0.02822166,0.03207998,0.09946549,0.1670953,0.2550913,0.1709636,0.02004666,0.1128092
69,0.0003646862,0.0008618746,0.0004982394,2.437513E-05,0.004045834,0.006970734,0.0126216,0.02752453,0.06198985,0.004179811,0.002948483,0.02899269,0.03476648,0.1054791,0.1753359,0.2156308,0.1752862,0.02254796,0.1199308
70,0.0003656586,0.0008691873,0.0005012719,2.433754E-05,0.004079615,0.006943659,0.01255816,0.02751115,0.0580075,0.004003854,0.002827628,0.02800732,0.03406477,0.1034218,0.1721907,0.1937014,0.1787394,0.0313861,0.1407964
71,0.00033476,0.0007994949,0.0004598635,2.218364E-05,0.003755667,0.006349546,0.01147161,0.02522155,0.04991098,0.003673338,0.002704892,0.02623639,0.03077894,0.09537543,0.161466,0.195072,0.1829057,0.04110314,0.1623585
72,0.0003305321,0.0007932738,0.0004551885,2.183222E-05,0.003729514,0.006262599,0.01130478,0.02496431,0.04686969,0.003635886,0.002741201,0.02622778,0.03036056,0.09413142,0.1612803,0.1967743,0.1888207,0.03691164,0.1643845
73,0.0003051517,0.0007256811,0.0004182515,2.007509E-05,0.003459837,0.005778725,0.01047334,0.02320362,0.04226886,0.003507611,0.002730356,0.02550718,0.02851518,0.08909837,0.155604,0.219764,0.1897839,0.03782088,0.161015
74,0.000285049,0.0006715166,0.000388889,1.869256E-05,0.003246999,0.005404347,0.009839551,0.02186861,0.03899687,0.003414794,0.00271396,0.02484822,0.02712132,0.08481212,0.1504946,0.2449252,0.1868217,0.03783644,0.156291
75,0.000269824,0.0006293154,0.0003663521,1.764926E-05,0.003086663,0.005128029,0.009386496,0.02092438,0.03717644,0.00336858,0.002711633,0.02442285,0.02625289,0.08166363,0.1468493,0.2698879,0.1823058,0.03617431,0.1493779
76,0.0002604068,0.0006009905,0.0003518409,1.699633E-05,0.002990247,0.004961784,0.009137404,0.02042795,0.03670054,0.003364396,0.002719261,0.02423429,0.02592371,0.07975782,0.1448944,0.2899337,0.1774595,0.03402029,0.1422444
77,0.0002468138,0.0005630629,0.0003316184,1.607195E-05,0.002842802,0.004720119,0.008751655,0.01960978,0.03609859,0.003307305,0.002693383,0.02371472,0.02511261,0.0767054,0.1408427,0.3118234,0.1708208,0.03447702,0.1373221
78,0.000250622,0.0005652229,0.0003350353,1.627838E-05,0.00289424,0.004795037,0.008953962,0.02011659,0.03809853,0.00339362,0.002728692,0.02409329,0.0259341,0.07762503,0.1430831,0.31592,0.168131,0.03077438,0.1322914
79,0.000277,0.0006183987,0.000368995,1.793339E-05,0.003207725,0.005271503,0.009909899,0.02234406,0.04296262,0.003647666,0.002819034,0.02547858,0.02885642,0.08342228,0.1528718,0.2995215,0.1701221,0.02427143,0.1240111
80,0.0003169975,0.0007016475,0.0004213699,2.043701E-05,0.003682854,0.005971231,0.01129294,0.02557387,0.04892962,0.003950364,0.002909303,0.02720094,0.03284996,0.09146515,0.1657476,0.2682754,0.1741273,0.02020389,0.1163591
81,0.0003163461,0.0006944272,0.0004194096,2.0277E-05,0.003688223,0.005914478,0.0112389,0.02553589,0.0476175,0.003809617,0.002772622,0.02626379,0.03233352,0.08931832,0.1620415,0.2577146,0.1720223,0.03016683,0.1281114
82,0.0003000555,0.0006529645,0.0003965105,1.910949E-05,0.003510068,0.005579179,0.01064969,0.02426506,0.04394467,0.003565674,0.002622325,0.02482077,0.03029489,0.08405738,0.1538654,0.2612308,0.1704154,0.03641418,0.1433959
83,0.0002728422,0.0005876929,0.0003587948,1.72682E-05,0.00320012,0.005068412,0.009724379,0.02219964,0.03972436,0.00330945,0.002517174,0.02337415,0.02748564,0.07726169,0.1439293,0.2850844,0.1682014,0.03941891,0.1482644
84,0.0002618883,0.0005580364,0.0003426223,1.6487E-05,0.003078442,0.004862596,0.009386016,0.02147354,0.03872485,0.00324229,0.002515487,0.02304178,0.02655121,0.07452742,0.1408305,0.3035553,0.1671865,0.03574568,0.1440994
85,0.0002502234,0.0005193101,0.0003269804,1.563954E-05,0.002938874,0.00465139,0.009020579,0.02066453,0.03867596,0.003210307,0.002426889,0.02287563,0.02489848,0.07232932,0.1385243,0.3225898,0.1646109,0.03348543,0.1379854
86,0.0002289737,0.0004624101,0.0002983869,1.421391E-05,0.002685714,0.004276394,0.008339096,0.01910856,0.03732428,0.003067286,0.002306856,0.02196617,0.02230414,0.06740423,0.1313033,0.3497721,0.1577893,0.03659836,0.1347502
87,0.0002164992,0.0004252261,0.0002811162,1.335785E-05,0.002534852,0.004063773,0.007977425,0.01827947,0.03795919,0.003014479,0.002247226,0.02159566,0.02076932,0.06462018,0.1275824,0.3690588,0.1523374,0.03592831,0.1310954
88,0.0002210269,0.0004223708,0.0002859906,1.356002E-05,0.00258307,0.00415939,0.008226047,0.01885218,0.04196538,0.003127875,0.002271133,0.02227272,0.02092358,0.06582499,0.1307986,0.3696129,0.1513476,0.03125544,0.1258361
89,0.0002341357,0.0004357253,0.0003020407,1.427835E-05,0.002732208,0.00440542,0.008777912,0.02011996,0.04760408,0.003302835,0.002318239,0.02335343,0.0218087,0.06876677,0.1369135,0.3571229,0.152458,0.02794949,0.1213803
90,0.000257944,0.0004685376,0.0003322968,1.562373E-05,0.003008845,0.004831604,0.009690573,0.02222409,0.05444502,0.003529331,0.002359265,0.02472236,0.0234471,0.07353374,0.14586,0.3320351,0.1553929,0.02523793,0.1186077
91,0.0003036477,0.0005403359,0.0003917761,1.825413E-05,0.003546658,0.005623849,0.01133746,0.02604976,0.06361767,0.003869446,0.002384042,0.02666262,0.02659037,0.08204237,0.1604207,0.2932419,0.1606279,0.02008233,0.112649
92,0.0003580597,0.0006258722,0.0004634126,2.135171E-05,0.004193377,0.006532876,0.013222,0.03046901,0.07210442,0.004178313,0.00237972,0.02850648,0.02990725,0.09112361,0.1752294,0.2475275,0.1666982,0.01792805,0.1085312
93,0.0004258282,0.0007337654,0.0005541084,2.518282E-05,0.005008714,0.007621927,0.01546127,0.03579157,0.0793706,0.004439254,0.00229047,0.02990383,0.03349283,0.1011275,0.1899375,0.2019338,0.1716295,0.01579975,0.1044525
94,0.0004800043,0.000817163,0.0006284534,2.815027E-05,0.00567655,0.008425665,0.01710681,0.03982171,0.08110186,0.004472306,0.002122459,0.03000971,0.0352944,0.1071469,0.1973211,0.1625815,0.1759797,0.01875775,0.1122278
95,0.0004907592,0.0008262763,0.0006462718,2.853818E-05,0.005838376,0.008472807,0.01719404,0.04025988,0.07441909,0.004176084,0.001884818,0.02827718,0.0337184,0.1049016,0.1919477,0.1372872,0.1810968,0.02833511,0.1401991
96,0.000430847,0.0007163604,0.000569263,2.483041E-05,0.005153069,0.007378347,0.01495095,0.03516741,0.05924748,0.003586192,0.001667303,0.02510076,0.02809135,0.09191303,0.1719927,0.1392911,0.1900843,0.04533713,0.1792978
97,0.000285487,0.00047093,0.0003764245,1.63939E-05,0.003423629,0.004937016,0.009969873,0.02340097,0.04211038,0.003041903,0.001686063,0.02220148,0.02036577,0.07478292,0.14394,0.2293063,0.1836856,0.05155357,0.1844453
98,0.0002122317,0.0003460341,0.0002783352,1.219985E-05,0.002546547,0.003736872,0.007553394,0.01766642,0.03320017,0.00265696,0.001706505,0.01970163,0.01538654,0.06138203,0.1206582,0.3525604,0.159879,0.04555891,0.1549576
99,0.0001653903,0.0002652547,0.0002147713,9.572866E-06,0.001980579,0.002990491,0.006088181,0.01416664,0.03139809,0.002456127,0.001754609,0.01824508,0.01253651,0.05317674,0.1059033,0.4434899,0.1373863,0.03945624,0.1283162
100,0.0001664077,0.000262477,0.000214068,9.719186E-06,0.001987317,0.003066767,0.00630446,0.01460611,0.04028317,0.002671202,0.001906336,0.01947011,0.01310537,0.0557591,0.1103408,0.454411,0.1314334,0.02921451,0.1147876
101,0.0002008941,0.0003120134,0.0002564667,1.182005E-05,0.002393265,0.003726444,0.00773916,0.01786796,0.05960966,0.00321231,0.002159526,0.02290015,0.01610326,0.06627814,0.1284302,0.4102983,0.1366465,0.019262,0.1025918
102,0.0002561666,0.0003931495,0.0003256469,1.51013E-05,0.003049074,0.004728615,0.009885903,0.02275077,0.0837,0.003848445,0.002361953,0.02682894,0.020172,0.08027267,0.1514807,0.3406686,0.1440601,0.0132757,0.0919264
103,0.0003243726,0.0004940407,0.0004121332,1.905722E-05,0.003864928,0.005898184,0.01236133,0.02838275,0.1048747,0.004377233,0.002399936,0.02988955,0.02425862,0.09431607,0.172529,0.2710986,0.1486254,0.01211935,0.08375476
104,0.0004013114,0.0006087788,0.0005109831,2.34358E-05,0.004793874,0.007142867,0.0149628,0.03434169,0.1198591,0.004734835,0.00229757,0.03180806,0.0278365,0.1072422,0.189591,0.2100491,0.1508146,0.01224219,0.08073919
105,0.0004761033,0.0007213539,0.0006084967,2.761862E-05,0.005708258,0.008276579,0.01729443,0.03975739,0.1266058,0.004873956,0.002108754,0.03244342,0.03020175,0.1173936,0.2008384,0.1588654,0.1528728,0.01410648,0.08681937
106,0.0005141598,0.0007792303,0.0006597958,2.962894E-05,0.006191774,0.008750134,0.01820849,0.04197886,0.1196458,0.004655288,0.001868886,0.03115414,0.02972455,0.1193247,0.2000262,0.1221176,0.1577416,0.02149726,0.1151318
107,0.0004661429,0.0007060689,0.0005994958,2.668383E-05,0.005638266,0.007834893,0.01621892,0.03747568,0.09510999,0.004000198,0.001641413,0.02765935,0.024923,0.1067275,0.1808587,0.1142736,0.1696811,0.03732727,0.1688318
108,0.0003502207,0.0005280097,0.0004494903,1.991957E-05,0.004249225,0.005903864,0.01216689,0.02808829,0.06457593,0.003255834,0.001570925,0.02385382,0.01813062,0.08559787,0.1518554,0.1564022,0.1838562,0.05641558,0.2027297
109,0.0003398228,0.0004972187,0.0004298668,1.905523E-05,0.004118451,0.005730131,0.01177785,0.02728819,0.05113244,0.002923791,0.001386989,0.02219889,0.01607539,0.07449073,0.1397138,0.1941316,0.1942826,0.05877392,0.1946894
110,0.000279785,0.0003962003,0.0003481122,1.548826E-05,0.003382445,0.004762311,0.009777338,0.02271032,0.04101059,0.002703645,0.001315904,0.02095109,0.01435612,0.06447896,0.1279835,0.2642301,0.1928568,0.05477193,0.1736694
111,0.0002398682,0.0003283524,0.0002934701,1.313883E-05,0.002889444,0.0041324,0.008493616,0.01978219,0.03601748,0.002603909,0.001276836,0.02009369,0.01357905,0.05771302,0.1195232,0.3309621,0.1817126,0.04864126,0.1517043
112,0.0002219662,0.0002935065,0.000267092,1.20516E-05,0.002661452,0.003868374,0.007980194,0.01863948,0.03562878,0.002644084,0.001271531,0.02003539,0.01383293,0.05485395,0.1169462,0.3729135,0.1717745,0.04151997,0.1346351
113,0.0002109302,0.0002692165,0.0002496239,1.135935E-05,0.002515012,0.003717862,0.007712654,0.01805153,0.03719681,0.002708973,0.001272384,0.0201247,0.01428347,0.05310522,0.1157839,0.3982878,0.1625169,0.03844815,0.1235335
114,0.0002063726,0.0002542263,0.0002403259,1.102221E-05,0.002445805,0.003673081,0.007671879,0.01797596,0.04031805,0.002796313,0.001276312,0.02039168,0.01492959,0.05242121,0.1162293,0.4084865,0.1554723,0.03710214,0.1180979
115,0.0002316938,0.0002762266,0.0002663754,1.226469E-05,0.002732157,0.004126551,0.008682758,0.02038108,0.04877559,0.003119794,0.001299781,0.02215629,0.01750947,0.05727462,0.1269782,0.3869683,0.1576349,0.02905085,0.112523
116,0.0002600913,0.0003005329,0.0002956316,1.363019E-05,0.003053955,0.004621737,0.009792889,0.02301341,0.05748827,0.003423232,0.001316713,0.02391674,0.02015864,0.06222773,0.1377983,0.3544481,0.1610114,0.02692014,0.1099388
117,0.0002928748,0.000329012,0.0003300549,1.517336E-05,0.003430249,0.005169804,0.01101488,0.02591311,0.06483052,0.003674982,0.001282659,0.0253025,0.02281937,0.06713673,0.1478092,0.3177774,0.1644185,0.02677429,0.1116787
118,0.0003317291,0.0003632946,0.0003714965,1.697853E-05,0.003881565,0.005798453,0.01240817,0.02923122,0.07101084,0.003903899,0.001225549,0.02658,0.02562478,0.07243999,0.1581597,0.277285,0.1693608,0.02634117,0.1156653
119,0.0003787089,0.0004053655,0.0004223026,1.914461E-05,0.004433418,0.006538191,0.01403767,0.03313677,0.0762347,0.004127409,0.001155147,0.02786813,0.02871098,0.07846733,0.1695346,0.2330455,0.1762231,0.02532484,0.1199369
120,0.0003994695,0.00041845,0.0004437668,1.993752E-05,0.004682669,0.006827126,0.01468529,0.03472432,0.0743423,0.004096402,0.00106221,0.02775967,0.02958876,0.07968324,0.1721271,0.1994846,0.1820443,0.03222326,0.1353871
121,0.0003990395,0.0004203607,0.0004457398,1.951824E-05,0.004671562,0.006767471,0.01454635,0.0344674,0.06591375,0.00382419,0.0009772737,0.02632989,0.02834601,0.07549863,0.1656836,0.1788674,0.189107,0.04471713,0.1589977
122,0.0003709049,0.0003924057,0.0004160942,1.778007E-05,0.004334419,0.006273959,0.01346487,0.0319534,0.05651064,0.003557924,0.0009404151,0.02502993,0.02636102,0.0698579,0.1575683,0.1812767,0.1964792,0.05174432,0.1734499
123,0.0003449838,0.0003660704,0.0003883303,1.621387E-05,0.004021442,0.005840712,0.01251527,0.0297417,0.04934009,0.003401477,0.0009497139,0.02430796,0.02492486,0.06529205,0.1517576,0.2000699,0.2012288,0.05196416,0.1735286
124,0.0003170318,0.0003368765,0.0003577157,1.461344E-05,0.003682631,0.005388863,0.01153326,0.02743895,0.04352687,0.003277761,0.0009787033,0.02362102,0.02357596,0.06072854,0.1454328,0.2329096,0.200149,0.05100776,0.165722
125,0.0002881841,0.0003061558,0.0003256297,1.303403E-05,0.00333195,0.00492947,0.01054639,0.02511053,0.03898901,0.003159021,0.00101264,0.02279149,0.02221854,0.0560895,0.1380558,0.2743844,0.1931822,0.05020944,0.1550565
126,0.0002810924,0.0002984757,0.0003182013,1.248579E-05,0.003233193,0.004827402,0.01034019,0.02465541,0.03823993,0.003198703,0.001059587,0.02284041,0.02246559,0.05471765,0.137018,0.3013819,0.1878539,0.04369747,0.1435605
127,0.0002959999,0.0003144046,0.0003361241,1.292074E-05,0.003387835,0.005081749,0.01091054,0.0260746,0.04065554,0.003385833,0.001105905,0.02375614,0.02432938,0.05649543,0.1424087,0.3072231,0.1865807,0.03551504,0.1321301
128,0.0003250879,0.0003459375,0.0003709169,1.394817E-05,0.003705449,0.005555375,0.01196004,0.02866534,0.04457506,0.003629495,0.001130716,0.02499101,0.0271207,0.05992424,0.1508992,0.2956952,0.1874724,0.03027426,0.1233455
129,0.0003613905,0.0003860252,0.0004150177,1.523928E-05,0.004107364,0.006125304,0.01321837,0.03178748,0.0483952,0.003847372,0.001117477,0.02604112,0.03016131,0.06374205,0.1595602,0.2739673,0.1889967,0.0283747,0.1193803
130,0.0004015692,0.0004313812,0.000464829,1.664103E-05,0.004556732,0.006732512,0.01455384,0.03513369,0.05135827,0.004009287,0.001069126,0.02675583,0.03312249,0.06744262,0.1673316,0.2476188,0.1910633,0.02802302,0.1199145
131,0.000420438,0.0004545837,0.000490619,1.711756E-05,0.004766955,0.006979845,0.01509853,0.03657955,0.05070224,0.003962765,0.000990876,0.02634331,0.03404216,0.06785845,0.1680124,0.227385,0.1918744,0.03376927,0.1302516
132,0.0003946554,0.0004291331,0.0004636229,1.577821E-05,0.004470679,0.006523298,0.01410123,0.03424292,0.04493969,0.003639449,0.0009050964,0.02449904,0.0314275,0.06271872,0.1576702,0.2247421,0.1909634,0.04713984,0.1507137
133,0.0003358172,0.000358529,0.0003986048,1.325751E-05,0.003806935,0.005565278,0.01204975,0.02924944,0.03875347,0.003346819,0.0009878973,0.02295105,0.02738295,0.05650807,0.1452986,0.2555108,0.1857558,0.05203734,0.1596896
134,0.0002912977,0.0003047635,0.0003485118,1.136626E-05,0.003300533,0.004865859,0.01056151,0.02560169,0.03409292,0.003108534,0.001109739,0.0216564,0.02378359,0.05061318,0.1336498,0.3037128,0.1771743,0.05219653,0.1536166
135,0.0002541823,0.000260073,0.000305809,9.816077E-06,0.002874295,0.004296523,0.009365176,0.02265206,0.03162334,0.002945651,0.001256147,0.0207034,0.02104922,0.04585072,0.1241212,0.3547674,0.1660308,0.04992209,0.1417121
136,0.0002258032,0.0002254892,0.0002725593,8.641487E-06,0.002544206,0.003872419,0.00849463,0.02048346,0.03130161,0.002847624,0.001412249,0.0200668,0.01910083,0.04231197,0.1169349,0.397743,0.1544574,0.04770293,0.1299935
137,0.0002153346,0.000209655,0.0002604404,8.172419E-06,0.002414639,0.003741537,0.008277375,0.01989053,0.0343081,0.002891962,0.00158913,0.02028545,0.01860513,0.04133477,0.1156648,0.4182881,0.1471984,0.04340473,0.1214117
138,0.000232971,0.0002214206,0.0002826054,8.762028E-06,0.002600067,0.004070594,0.009091332,0.0217813,0.04213991,0.003168889,0.001799291,0.02192267,0.02036676,0.04432022,0.123968,0.4061547,0.1478232,0.03512473,0.1149227
139,0.000275944,0.0002567384,0.000336513,1.026479E-05,0.003068745,0.004802659,0.01082302,0.02587279,0.05385099,0.00361219,0.002004127,0.02450558,0.02400151,0.05040717,0.1392833,0.3691883,0.1532217,0.02692837,0.10755
140,0.0003360633,0.0003069481,0.0004128038,1.233817E-05,0.003729709,0.005785048,0.01313686,0.03135629,0.06699414,0.004099758,0.002181277,0.02740025,0.02859988,0.05798246,0.1574524,0.3134605,0.1606316,0.02327264,0.1028491
141,0.0004075002,0.0003667241,0.0005054835,1.473979E-05,0.004522563,0.00689654,0.0157479,0.03757107,0.07808427,0.004504037,0.002243635,0.02964681,0.03333656,0.0656489,0.1742259,0.2585474,0.1664129,0.02138833,0.09992891
142,0.0004479129,0.0003979436,0.000561355,1.594694E-05,0.004977606,0.007457499,0.01708646,0.04075648,0.07973062,0.004519189,0.002159671,0.02964698,0.03488325,0.06828826,0.1784946,0.2190676,0.1689464,0.02953107,0.1130312
143,0.0004322379,0.0003791601,0.0005466478,1.513897E-05,0.004811768,0.007119357,0.01633454,0.03893033,0.07063615,0.004138371,0.002003715,0.02755425,0.03210852,0.06426357,0.1684842,0.2012803,0.1719304,0.0451464,0.1438849
144,0.0004039442,0.0003495715,0.0005147593,1.392574E-05,0.004503599,0.00661465,0.01518946,0.03615855,0.06126848,0.003821149,0.001949642,0.02604653,0.02905645,0.05983848,0.1592171,0.2029593,0.1781618,0.05124904,0.1626837
145,0.0003709375,0.0003194641,0.0004747269,1.259923E-05,0.004139923,0.006066436,0.01393916,0.03308982,0.05505225,0.003687821,0.002067177,0.02550407,0.02661856,0.05714571,0.1540799,0.2262103,0.1805501,0.04750833,0.1631628
146,0.0003245102,0.0002776568,0.0004162261,1.087312E-05,0.00362287,0.005337782,0.01227675,0.02902912,0.04738312,0.003422798,0.002136959,0.02404182,0.02298621,0.05172925,0.1422107,0.272738,0.1746876,0.05034643,0.1570213
147,0.0002957934,0.0002512645,0.0003799425,9.795265E-06,0.003301397,0.004901058,0.01129944,0.02661493,0.04405339,0.003299028,0.002222516,0.02327255,0.02091836,0.04848787,0.1351257,0.3134952,0.1669795,0.04754996,0.1475422
148,0.0002833277,0.0002387949,0.0003641841,9.285196E-06,0.003159428,0.004729467,0.01094587,0.02568397,0.04437976,0.003302333,0.002332474,0.02324134,0.0201155,0.04730475,0.1329234,0.3401248,0.1608846,0.04250695,0.1374697
149,0.0002846625,0.000238042,0.0003660876,9.235732E-06,0.003170341,0.004777263,0.01110948,0.02597396,0.0474578,0.00339588,0.002451851,0.02375211,0.02024647,0.04774472,0.134546,0.3494824,0.1570565,0.03818763,0.1297496
150,0.0002928623,0.0002430511,0.0003768324,9.401593E-06,0.00325716,0.004928526,0.01151839,0.02683537,0.05169734,0.003510691,0.002554422,0.02440133,0.02073216,0.04882345,0.1375554,0.3470635,0.1546197,0.03606715,0.1255134
151,0.0002930152,0.0002413238,0.0003770333,9.29838E-06,0.003253894,0.004942852,0.01160501,0.02693053,0.05426114,0.003521524,0.002593105,0.02443958,0.02053069,0.04864218,0.1372367,0.3463911,0.1510908,0.03802007,0.1256201
152,0.0003243706,0.0002656165,0.0004181412,1.01668E-05,0.003598982,0.005446394,0.01284444,0.02972279,0.06139145,0.003758747,0.002699153,0.02581345,0.02229079,0.05214489,0.1459515,0.3242597,0.1533145,0.03217545,0.1235695
153,0.0003619269,0.0002949711,0.0004676987,1.119667E-05,0.004014441,0.006031015,0.01428056,0.03297285,0.06860328,0.003999086,0.002804984,0.027313,0.02423696,0.05603826,0.1554758,0.295792,0.157199,0.02901041,0.1210925
154,0.0003845601,0.0003123088,0.0004984721,1.173161E-05,0.004267563,0.006356365,0.01509055,0.03477361,0.07109024,0.004055085,0.002806294,0.02770204,0.0249243,0.05762297,0.1590654,0.2735643,0.1592549,0.03231946,0.1258999
155,0.0003581599,0.000289732,0.0004651635,1.076858E-05,0.003977336,0.005905561,0.01403443,0.03224486,0.0640199,0.003738682,0.002654278,0.02585896,0.02251077,0.05350357,0.1488837,0.2790544,0.1570243,0.04496273,0.1405027
156,0.0003158688,0.000254106,0.0004102819,9.369935E-06,0.003508165,0.005225884,0.0124365,0.02846428,0.05591318,0.003398663,0.00254366,0.02392449,0.01954682,0.04825288,0.1362434,0.3076791,0.1534549,0.05159208,0.1468264
157,0.0003456078,0.000272976,0.0004459776,1.002728E-05,0.003837395,0.00569457,0.01360857,0.03120163,0.05462319,0.00334794,0.002433384,0.02384312,0.01942329,0.04748112,0.1371383,0.2983796,0.1631575,0.04928937,0.1454664
158,0.0003434581,0.0002663226,0.000440204,9.752568E-06,0.0038126,0.005649449,0.01355805,0.03113859,0.05328423,0.003325212,0.002373438,0.02387735,0.01935243,0.04662482,0.1377986,0.2995429,0.1704362,0.04688656,0.1412798
159,0.0003407225,0.000259546,0.0004339972,9.472825E-06,0.003782316,0.005597508,0.01348962,0.03103728,0.05194624,0.003305552,0.002309401,0.02377527,0.01934158,0.04569352,0.1377432,0.3004021,0.1742585,0.04724989,0.1390243
160,0.0003382056,0.0002531939,0.0004282855,9.208621E-06,0.003754684,0.00555128,0.01343411,0.03096482,0.05077951,0.003295534,0.002253781,0.02365569,0.01939235,0.04481779,0.1375201,0.3021068,0.1762682,0.04762288,0.1375535
161,0.0003447074,0.0002537777,0.0004342515,9.19341E-06,0.003827533,0.005646161,0.01372487,0.03169977,0.05098739,0.003351266,0.002228667,0.02390566,0.01996726,0.04490294,0.1396338,0.2999768,0.1786502,0.04524875,0.135207
162,0.0003551689,0.000257299,0.0004453537,9.278096E-06,0.003944771,0.005798948,0.01416084,0.03277785,0.0516373,0.003425067,0.002209659,0.02424594,0.02073476,0.04532364,0.1424523,0.2951666,0.1808504,0.0433461,0.1328586
163,0.0003628695,0.0002588346,0.0004531126,9.283429E-06,0.004032032,0.005902976,0.01447838,0.03358412,0.05163629,0.003462803,0.002172885,0.02434765,0.0212744,0.04535119,0.1439771,0.2903518,0.1819513,0.04388022,0.1325128
164,0.0003821616,0.0002687212,0.0004757257,9.575729E-06,0.004250249,0.006179242,0.01522571,0.03540941,0.05283705,0.003561678,0.002152324,0.02481356,0.02240109,0.04642484,0.1481754,0.279837,0.1846335,0.0412512,0.1317116
165,0.0003983205,0.0002763396,0.000494605,9.775174E-06,0.004435784,0.0063987,0.01583458,0.03692389,0.05320408,0.00361797,0.002114551,0.02503918,0.02325284,0.04705248,0.15104,0.2701087,0.1868116,0.04107521,0.1319114
166,0.0004210888,0.0002886066,0.0005221319,1.012324E-05,0.004698707,0.006709203,0.01667367,0.0390021,0.05387944,0.003692792,0.002074633,0.02537233,0.02437491,0.04815703,0.1550372,0.2568968,0.1898541,0.03975204,0.1325831
167,0.0004277619,0.0002898018,0.0005297497,1.007403E-05,0.004784392,0.006768705,0.01688124,0.03960371,0.05224007,0.003650951,0.002000268,0.02504467,0.02450415,0.04769107,0.1547115,0.2494056,0.1912441,0.04344263,0.1367695
168,0.0004471927,0.000299797,0.0005536143,1.032049E-05,0.005016252,0.007016147,0.01756184,0.04134699,0.05187676,0.003684722,0.001951237,0.02518025,0.02532282,0.04835732,0.1575776,0.2384959,0.1947242,0.04162622,0.1389509
169,0.0003907312,0.0002613642,0.0004865499,8.896196E-06,0.004394678,0.006163131,0.01537731,0.03617173,0.0465924,0.003481545,0.001948423,0.02389508,0.02315111,0.04491051,0.148123,0.2662606,0.1847358,0.04961727,0.1440299
170,0.0003456018,0.0002303316,0.0004321747,7.768695E-06,0.003894183,0.005499563,0.0136878,0.03214765,0.04137647,0.0032279,0.001937336,0.02234113,0.02049468,0.0406564,0.1361448,0.3062417,0.1727995,0.054595,0.14394
171,0.0003057985,0.000202692,0.0003832344,6.796422E-06,0.003447784,0.004927095,0.01225098,0.0287092,0.03836806,0.003038212,0.001958463,0.02118069,0.01832515,0.03709628,0.1262171,0.3522656,0.1611634,0.05376193,0.1363915
172,0.0002739294,0.0001802544,0.000343321,6.029065E-06,0.003086339,0.004481572,0.01115385,0.0260615,0.03772457,0.002911944,0.001999439,0.02038944,0.01670311,0.03436893,0.1186006,0.3929994,0.1501466,0.05169154,0.1268777
173,0.0002826608,0.0001847574,0.0003544396,6.164593E-06,0.003181617,0.004669004,0.01165577,0.02717203,0.04333355,0.003075866,0.002135153,0.02136069,0.0174691,0.03552521,0.1228259,0.3971591,0.1480257,0.0423106,0.1192726
174,0.0003030389,0.0001968246,0.0003801901,6.543962E-06,0.003407558,0.005034973,0.01261561,0.02934012,0.05118582,0.003298589,0.002281156,0.02273664,0.01881889,0.03764005,0.1298128,0.3837118,0.1484488,0.0371599,0.1136208
175,0.0003473688,0.0002247002,0.0004369419,7.412077E-06,0.003906241,0.005759611,0.01447636,0.03360846,0.06165884,0.003627992,0.002418675,0.02469146,0.02132257,0.04156698,0.1417789,0.3503346,0.1522874,0.03178605,0.1097595
176,0.0004107982,0.0002652254,0.0005190682,8.644549E-06,0.004625278,0.006752298,0.01700802,0.03945034,0.07300811,0.003994517,0.002523527,0.02684445,0.02453689,0.04660112,0.1563114,0.305611,0.1578217,0.02744067,0.106267
177,0.0004806729,0.0003103515,0.0006110714,9.960731E-06,0.005425394,0.007798574,0.01965956,0.04560349,0.08194744,0.0042778,0.002551559,0.02849485,0.02756362,0.05139936,0.1692213,0.2592496,0.1630137,0.02636226,0.1060195
178,0.0005285151,0.0003417005,0.0006765199,1.077589E-05,0.005986095,0.008458665,0.02130498,0.04945779,0.08382598,0.004313462,0.002462453,0.02869556,0.02884604,0.0536837,0.1742973,0.2230768,0.1665486,0.03161667,0.1158685
179,0.0005299473,0.0003431175,0.0006827128,1.062784E-05,0.006025775,0.008394322,0.02108949,0.04899994,0.07721275,0.004070592,0.002303536,0.02738746,0.02755277,0.052203,0.169286,0.2028111,0.1702601,0.04305774,0.137779
180,0.0005172849,0.0003352189,0.0006702014,1.020775E-05,0.005904788,0.008134112,0.02037019,0.04737792,0.06943308,0.003843047,0.002210956,0.02632574,0.02590163,0.05015942,0.1639797,0.1947226,0.1767566,0.04853384,0.1548135
