"<HEADER software/>"
EwEVersion,"6.7.0.17868 (compiled 5/31/2022)"
Date,"7/27/2023 3:33:22 PM"
"<HEADER ecopath/>"
ModelName,1
"<HEADER ecosim/>"
EcosimScenario,"Gulfwide_EwE_mvl_try3 DC adjustments"
TimeSeries,TS_updated_IB13
StartYear,1980
"<HEADER end/>"

Data,"Prey of Crab"

timestep\group,"Reef invertebrate feeders","Coastal omnivores",Sardine-herring-scad,Anchovy-silverside-killifish,Mullet,Cephalopod,"Pink shrimp","Brown shrimp","White shrimp",Crab,"Mobile epifauna",Infauna,Algae,Detritus,
1,0.0005411977,0.000480511,0.005308491,0.004354773,0.0001700037,0.000206155,0.0006395272,0.0001082219,0.001577734,0.001915147,0.2008016,0.5653515,0.0001072812,0.2184378
2,0.0005159631,0.0004594914,0.005083722,0.00424047,0.0001626453,0.0002065972,0.0006439787,0.000112779,0.001582392,0.001753427,0.1941405,0.567153,0.0001258723,0.223819
3,0.0004708139,0.0004200678,0.004670756,0.004002591,0.0001491176,0.0002066985,0.000639784,0.0001183264,0.001573635,0.001539236,0.1859515,0.5677364,0.0001566732,0.2323643
4,0.0004629434,0.0004126297,0.004637802,0.004071358,0.0001463193,0.0002372134,0.0006697955,0.0001268908,0.001636538,0.001461914,0.1878026,0.5676003,0.0001539085,0.2305799
5,0.000479847,0.0004266705,0.004860607,0.004336674,0.0001505351,0.0002931754,0.0007181915,0.0001361556,0.001739279,0.001468437,0.1950277,0.5676292,0.000136152,0.2225975
6,0.0005281304,0.0004687318,0.005396185,0.004810691,0.0001638486,0.0003683723,0.0007816618,0.0001437208,0.001869087,0.001567499,0.205883,0.5692523,0.0001095665,0.2086572
7,0.0005949949,0.0005281272,0.006110478,0.005364965,0.0001824271,0.0004442873,0.0008447334,0.0001488596,0.001999377,0.001711325,0.2161255,0.5734355,8.978481E-05,0.1924197
8,0.0006540411,0.0005825966,0.006726246,0.005769704,0.0001988165,0.0004895158,0.0008809938,0.0001494949,0.002076488,0.001818746,0.2199136,0.5786079,8.455211E-05,0.1820473
9,0.0007187994,0.0006446467,0.007374987,0.006138403,0.0002173614,0.0005088075,0.0009037066,0.0001459155,0.002118136,0.001925432,0.220766,0.5863477,7.627135E-05,0.1721139
10,0.0007759379,0.000702336,0.007928123,0.006391254,0.0002340099,0.0005026991,0.0009060592,0.0001396991,0.002119753,0.001998907,0.217692,0.5974489,6.981345E-05,0.1630904
11,0.0007909149,0.0007242342,0.008039689,0.006300237,0.0002388133,0.0004585146,0.0008660957,0.0001297654,0.002035398,0.00195788,0.2062838,0.6090835,7.450274E-05,0.1630165
12,0.0008671777,0.0008040818,0.008757786,0.00664709,0.0002619754,0.0004428893,0.0008662679,0.0001210488,0.002021279,0.002059581,0.2043357,0.6249156,5.491032E-05,0.1478445
13,0.0008294175,0.0007791179,0.008331731,0.006161964,0.0002507974,0.0003719765,0.0007725891,0.0001051729,0.001827449,0.001888584,0.1757455,0.6653479,6.254559E-05,0.1375253
14,0.0007243665,0.0006898353,0.007236359,0.005272188,0.000220604,0.0002839162,0.0006493713,8.8418E-05,0.00156277,0.001583874,0.1503433,0.6790833,8.638707E-05,0.1521753
15,0.0006418299,0.0006179588,0.006377799,0.004604291,0.0001967884,0.0002210266,0.0005675339,7.829077E-05,0.001388227,0.001364766,0.1332234,0.697987,8.418698E-05,0.152647
16,0.0005338715,0.0005180871,0.005277582,0.003825986,0.0001655625,0.0001626648,0.0004933449,7.200747E-05,0.001230445,0.001119315,0.1170872,0.7170846,9.665344E-05,0.1523327
17,0.0004356301,0.0004239602,0.004284672,0.003162044,0.0001370746,0.0001191585,0.0004467212,7.085483E-05,0.001128115,0.0009170833,0.1057544,0.7303253,0.0001162175,0.1526788
18,0.0003935956,0.0003820204,0.003854421,0.002909533,0.0001250435,9.999245E-05,0.0004511359,7.544002E-05,0.001130063,0.000848115,0.1049583,0.7366142,0.000112255,0.1480459
19,0.0003872784,0.0003734409,0.003780865,0.002922593,0.0001234175,9.59175E-05,0.0004856864,8.257035E-05,0.001192868,0.0008611535,0.1107297,0.736923,9.94939E-05,0.141942
20,0.0004130067,0.0003952354,0.004023487,0.003166296,0.0001310899,0.0001030867,0.0005388022,8.923519E-05,0.001288218,0.0009435358,0.1207068,0.7347174,8.090879E-05,0.1334027
21,0.0004572636,0.0004347385,0.00444644,0.003539697,0.0001439966,0.0001161386,0.0005950729,9.395307E-05,0.001386902,0.001061398,0.1316015,0.7324027,6.61819E-05,0.123654
22,0.0004825873,0.000456975,0.004683141,0.00377178,0.0001511817,0.0001239578,0.000621943,9.520986E-05,0.001429446,0.001123977,0.1368288,0.7260719,7.333753E-05,0.1240858
23,0.000511884,0.000483911,0.004954077,0.004018054,0.00015957,0.0001302914,0.0006391066,9.373578E-05,0.00144984,0.001186327,0.1403537,0.7215989,7.081579E-05,0.1243498
24,0.0005005227,0.0004730819,0.004829769,0.003964365,0.0001560345,0.0001255929,0.0006185555,9.034909E-05,0.001404914,0.001148757,0.1365044,0.7164605,8.674221E-05,0.1336365
25,0.0004309136,0.000405857,0.004130947,0.003400915,0.0001347467,0.0001037117,0.000519848,7.578984E-05,0.00119293,0.000975929,0.1073309,0.7621921,8.995307E-05,0.1190154
26,0.0004012333,0.0003757967,0.003821945,0.003166534,0.000125951,9.347989E-05,0.0004841057,7.166989E-05,0.001123163,0.0009045918,0.1017698,0.7659743,9.300318E-05,0.1215944
27,0.0003788696,0.0003520831,0.003586869,0.002998625,0.0001193848,8.664832E-05,0.0004654733,7.047795E-05,0.001088225,0.0008574171,0.09895176,0.7691694,9.412033E-05,0.1217806
28,0.0003775315,0.0003475449,0.003554499,0.002994021,0.0001189869,8.571481E-05,0.0004693766,7.144333E-05,0.001095267,0.0008630786,0.1002202,0.7710492,8.5322E-05,0.1186678
29,0.0003733485,0.0003402396,0.003497175,0.002973999,0.0001177904,8.492237E-05,0.0004741417,7.302524E-05,0.001104381,0.0008633138,0.1014653,0.7701364,8.82119E-05,0.1184079
30,0.0003832102,0.0003456973,0.003573507,0.003059748,0.0001206922,8.745988E-05,0.0004896781,7.488357E-05,0.001130815,0.0008964399,0.1047485,0.7678725,8.273581E-05,0.1171341
31,0.00040811,0.0003646694,0.003790564,0.003254802,0.0001279402,9.291459E-05,0.0005140296,7.653487E-05,0.001171487,0.0009637799,0.1098364,0.7672788,7.02736E-05,0.1120498
32,0.0004378005,0.00038807,0.004051142,0.003478687,0.0001365138,9.823931E-05,0.0005356488,7.704114E-05,0.001205606,0.001038562,0.1145323,0.7670839,6.24365E-05,0.106874
33,0.0004773429,0.0004206695,0.00440123,0.003765104,0.0001479262,0.0001035432,0.0005553077,7.583567E-05,0.001231756,0.001130362,0.1190252,0.7679949,5.347483E-05,0.1006173
34,0.0005110261,0.0004487734,0.004694921,0.003997107,0.0001575881,0.0001054982,0.0005605795,7.27513E-05,0.00123084,0.001200264,0.1209492,0.7689774,5.068291E-05,0.09704341
35,0.0004843581,0.0004247783,0.004432938,0.003780098,0.0001498985,9.429755E-05,0.0005155372,6.627127E-05,0.001138009,0.001121695,0.1129824,0.764348,7.791191E-05,0.1103837
36,0.0004360426,0.0003812971,0.003974955,0.00341162,0.0001358064,8.07621E-05,0.0004661806,6.154928E-05,0.001045918,0.001001046,0.1035978,0.7630289,9.438655E-05,0.1222837
37,0.0004204436,0.0003666019,0.003833379,0.003380008,0.0001322937,7.824201E-05,0.0004887916,7.076161E-05,0.001111161,0.0009743507,0.1161386,0.7229898,0.000116867,0.1498987
38,0.0003977073,0.0003447666,0.003632952,0.003302062,0.0001259466,7.887842E-05,0.0005043649,7.873584E-05,0.001152054,0.0009356966,0.117866,0.7188966,0.0001216425,0.1525626
39,0.0003837105,0.0003300618,0.003520809,0.003314985,0.0001219573,8.682971E-05,0.0005332518,8.901259E-05,0.001220154,0.0009170846,0.1225007,0.7106107,0.0001325022,0.1562383
40,0.0003797358,0.000323784,0.003510913,0.0034305,0.0001206855,0.0001049295,0.0005728754,0.0001006073,0.001308619,0.0009188895,0.1296213,0.69791,0.0001446468,0.1615525
41,0.0003872627,0.0003271796,0.003619357,0.003659895,0.0001225233,0.0001380701,0.0006218175,0.0001127152,0.001414898,0.0009443525,0.1390809,0.682873,0.0001504004,0.1665476
42,0.0004230321,0.0003542099,0.004000949,0.00412085,0.0001323333,0.000195031,0.0006877043,0.0001237397,0.001549123,0.001035738,0.1524643,0.6696834,0.0001284914,0.1651011
43,0.0004891088,0.0004066814,0.004669209,0.004794677,0.0001507959,0.0002702232,0.0007661031,0.0001320206,0.001699134,0.001195288,0.1682436,0.662847,9.558523E-05,0.1542406
44,0.0005802997,0.0004804932,0.005572027,0.005605055,0.0001761676,0.0003525879,0.0008459162,0.0001375089,0.001852085,0.001405914,0.1837904,0.6612171,6.975473E-05,0.1379148
45,0.0006812635,0.0005643769,0.00655264,0.006384026,0.0002044468,0.0004168701,0.0009057748,0.0001377597,0.001962789,0.001621076,0.1949276,0.6629076,5.759172E-05,0.1226762
46,0.0007343022,0.0006117155,0.007056647,0.006655264,0.0002194188,0.0004255096,0.0008957314,0.0001298478,0.001938511,0.00170099,0.1924063,0.6616762,7.089981E-05,0.1254786
47,0.0006609363,0.0005558194,0.006341057,0.005857248,0.0001987804,0.0003505187,0.000775093,0.0001134632,0.001704514,0.001484783,0.168407,0.6573387,0.0001183098,0.1560937
48,0.0006005257,0.0005084926,0.005754089,0.005226403,0.000181605,0.0002910834,0.000696159,0.0001050312,0.001561673,0.00132463,0.1524355,0.6647969,0.0001170369,0.1664008
49,0.0005214658,0.0004427532,0.004983835,0.004439861,0.0001584763,0.0002293717,0.0005945466,8.878067E-05,0.001359584,0.001127166,0.1213021,0.7278565,9.680112E-05,0.1367987
50,0.0004753068,0.0004037737,0.00453279,0.003986192,0.0001454301,0.0001902714,0.0005478662,8.227726E-05,0.001272527,0.001018886,0.1131833,0.7413497,9.836302E-05,0.1327134
51,0.0004393964,0.0003726575,0.004182615,0.003649506,0.000135433,0.0001611083,0.0005208566,7.885979E-05,0.001219439,0.0009435956,0.1082561,0.7491359,0.000101859,0.1308027
52,0.0004145436,0.0003502459,0.003940618,0.003427748,0.0001286779,0.000141016,0.0005118843,7.818501E-05,0.001199709,0.0008995749,0.1063966,0.7534357,0.000103481,0.128972
53,0.0004060874,0.0003412239,0.003857283,0.00335242,0.0001266762,0.000130352,0.0005210857,7.946628E-05,0.001213569,0.0008954061,0.1078488,0.7547393,9.95127E-05,0.1263887
54,0.0004187523,0.0003496995,0.00397692,0.003448291,0.000130777,0.0001286296,0.0005468102,8.146898E-05,0.0012569,0.0009388652,0.1124965,0.7545953,8.718792E-05,0.1215439
55,0.0004548525,0.0003777453,0.004320411,0.003720749,0.000141665,0.00013403,0.0005847217,8.274986E-05,0.001319444,0.001031963,0.1195786,0.755442,6.910894E-05,0.112742
56,0.0005103562,0.0004223061,0.00484835,0.004128704,0.0001581732,0.0001430667,0.0006257772,8.226616E-05,0.001383992,0.001161156,0.1274074,0.7579262,5.288002E-05,0.1011493
57,0.0005502146,0.0004548999,0.005226739,0.004403783,0.0001700994,0.0001450221,0.0006389518,7.885739E-05,0.00139673,0.001242703,0.1303204,0.7578132,5.446911E-05,0.09750397
58,0.0005468744,0.0004529922,0.005193249,0.004347575,0.0001695802,0.0001338043,0.0006074829,7.197368E-05,0.001324371,0.001216328,0.1250808,0.7539637,7.26737E-05,0.1068185
59,0.0005206122,0.0004320742,0.004941419,0.004125355,0.0001622524,0.0001183128,0.0005629196,6.572418E-05,0.001235254,0.001141664,0.1173774,0.7528853,8.201647E-05,0.1163497
60,0.0004800349,0.0003987484,0.004553677,0.003811729,0.0001507116,0.0001022047,0.0005192501,6.1554E-05,0.001154018,0.001043762,0.1096362,0.756254,8.985092E-05,0.1217443
61,0.000466349,0.0003874296,0.004429528,0.003740477,0.0001477341,9.506493E-05,0.0005172748,6.578837E-05,0.001157101,0.00102826,0.1130023,0.7440503,9.28524E-05,0.1308196
62,0.0004304466,0.0003570836,0.004094855,0.00351248,0.0001378019,8.617257E-05,0.0005035807,6.980511E-05,0.001136979,0.0009660277,0.1103596,0.7433715,0.0001060513,0.1348676
63,0.0004117251,0.0003404252,0.003925748,0.00342852,0.000132834,8.379236E-05,0.0005093857,7.578979E-05,0.00115315,0.0009439176,0.1113605,0.7401998,0.000110711,0.1373238
64,0.0004122536,0.0003392772,0.00394328,0.003504665,0.0001335068,8.820467E-05,0.0005331266,8.310117E-05,0.001202368,0.0009663449,0.1159709,0.7358553,0.0001054035,0.1368622
65,0.0004311345,0.0003530407,0.004139147,0.003728427,0.0001395992,9.842779E-05,0.0005687705,9.031554E-05,0.001271486,0.001030291,0.1231254,0.7311054,9.400032E-05,0.1338245
66,0.0004697483,0.0003830308,0.004525646,0.004101198,0.0001516261,0.0001129689,0.0006118415,9.606541E-05,0.001349741,0.001137751,0.13196,0.7278925,7.795334E-05,0.12713
67,0.0005225345,0.0004250079,0.005047878,0.004569428,0.0001679801,0.0001284027,0.000653584,9.946973E-05,0.001421704,0.001273001,0.1407308,0.7267792,6.387492E-05,0.1181171
68,0.0005731582,0.0004661509,0.005546525,0.004994789,0.0001837826,0.0001390371,0.0006782208,9.960659E-05,0.001460594,0.001393283,0.1463764,0.7259751,5.849007E-05,0.1120549
69,0.0006022032,0.0004909947,0.00583247,0.005221805,0.0001932379,0.0001399529,0.0006722503,9.580309E-05,0.00144159,0.001450508,0.1462144,0.7241824,6.2809E-05,0.1133996
70,0.000575116,0.0004708629,0.005571148,0.004983425,0.0001856799,0.0001260399,0.0006198828,8.843729E-05,0.001340517,0.001367884,0.1368405,0.7208828,8.356377E-05,0.126864
71,0.0005078333,0.0004170944,0.004918323,0.004428116,0.0001656203,0.0001051308,0.0005514228,8.202602E-05,0.001217582,0.001198177,0.1236384,0.7217049,0.0001053962,0.14096
72,0.0004865806,0.0003997765,0.004711651,0.004264113,0.0001596203,9.614485E-05,0.0005316357,8.09684E-05,0.001185586,0.001151054,0.1200262,0.7280953,9.16161E-05,0.1387198
73,0.0004563738,0.0003744799,0.004420776,0.004047201,0.0001505355,8.754426E-05,0.0005179015,8.14395E-05,0.001164313,0.001091553,0.1177847,0.7315081,9.477185E-05,0.1382203
74,0.0004381668,0.000358519,0.00424634,0.003936457,0.0001450935,8.271678E-05,0.0005164331,8.29164E-05,0.001161765,0.001063281,0.1172785,0.7324449,9.664003E-05,0.1381483
75,0.0004310547,0.000351233,0.004180235,0.003926307,0.000143019,8.145229E-05,0.0005262864,8.558637E-05,0.001179636,0.001063155,0.1190388,0.7315155,9.506797E-05,0.1373827
76,0.0004332995,0.0003513337,0.004205922,0.004000652,0.0001437677,8.313734E-05,0.0005435323,8.875233E-05,0.001210399,0.001085462,0.1223577,0.7290831,9.214698E-05,0.1363207
77,0.0004320376,0.0003485715,0.00419859,0.004049557,0.0001433493,8.524641E-05,0.0005570642,9.165095E-05,0.001234877,0.001096178,0.1249382,0.7244798,9.712548E-05,0.1382477
78,0.0004496125,0.0003608931,0.004375476,0.004260354,0.0001487102,9.161011E-05,0.0005821086,9.455628E-05,0.001277622,0.001152724,0.1300274,0.7206357,8.808111E-05,0.1364552
79,0.0004927436,0.0003936889,0.004801034,0.00468633,0.0001619614,0.0001023751,0.0006201582,9.681648E-05,0.001339091,0.00127113,0.1379682,0.7209523,6.86342E-05,0.1270456
80,0.000547512,0.0004360301,0.005338662,0.00519762,0.0001786544,0.0001137752,0.0006555232,9.751149E-05,0.001395275,0.001412148,0.1455922,0.7229554,5.551352E-05,0.1160242
81,0.0005416791,0.0004312974,0.005282116,0.005154135,0.0001767395,0.0001103022,0.000629892,9.259053E-05,0.001342319,0.001384695,0.1409902,0.7172428,8.214425E-05,0.1265391
82,0.000509927,0.0004059603,0.004970985,0.004875203,0.0001667553,0.0001013665,0.0005871967,8.721931E-05,0.001263484,0.001291956,0.1326562,0.712626,9.821363E-05,0.1403594
83,0.0004708227,0.0003742924,0.004588722,0.004545886,0.0001545335,9.286856E-05,0.0005524429,8.486699E-05,0.001206108,0.001187971,0.1256555,0.714018,0.0001072875,0.1469606
84,0.000459684,0.0003641792,0.004480858,0.004479738,0.0001509096,9.171405E-05,0.0005483732,8.592963E-05,0.001204647,0.001162583,0.1248603,0.7169353,9.822295E-05,0.1450776
85,0.0004542838,0.000358378,0.004428974,0.004476496,0.0001491783,9.341158E-05,0.000553765,8.45537E-05,0.001219757,0.001111812,0.1252185,0.7201561,9.452224E-05,0.1416003
86,0.0004349556,0.0003417271,0.004243548,0.004350747,0.0001430912,9.355263E-05,0.0005491276,8.341875E-05,0.001215631,0.001033607,0.1224393,0.722322,0.0001070587,0.1426423
87,0.0004282034,0.0003348561,0.004183979,0.004346462,0.0001408286,9.81116E-05,0.0005565496,8.380593E-05,0.001232505,0.0009925351,0.1222557,0.7226424,0.0001083372,0.1425957
88,0.0004428759,0.0003445393,0.004336444,0.004542161,0.00014511,0.0001090018,0.0005803879,8.512368E-05,0.001277528,0.001004898,0.125629,0.7242261,9.472269E-05,0.1371821
89,0.0004668605,0.0003614671,0.004581305,0.004815534,0.0001521852,0.0001224239,0.0006068466,8.603289E-05,0.001326343,0.001037107,0.1297303,0.7261012,8.386079E-05,0.1305286
90,0.0005009041,0.0003864187,0.004923739,0.005161141,0.0001623709,0.0001364334,0.000631954,8.531939E-05,0.001368288,0.001086568,0.1337532,0.7283085,7.369107E-05,0.1234215
91,0.0005599124,0.0004310238,0.005507963,0.005709763,0.0001803261,0.0001526892,0.0006637411,8.25803E-05,0.001413567,0.001180335,0.1392143,0.7339328,5.597099E-05,0.110915
92,0.0006185754,0.0004760518,0.006085125,0.006216414,0.0001980743,0.0001643263,0.0006807215,7.827694E-05,0.001435301,0.001260708,0.1421405,0.7407314,4.720508E-05,0.09986732
93,0.0006859584,0.0005291533,0.006742326,0.006766588,0.0002187377,0.0001718701,0.0006873987,7.159245E-05,0.00143092,0.001341648,0.1434536,0.7483895,3.92478E-05,0.08947138
94,0.0007171185,0.0005559099,0.007039047,0.006952424,0.0002284641,0.0001662139,0.0006556539,6.279565E-05,0.001359431,0.001338258,0.1379415,0.7539795,4.373355E-05,0.08895998
95,0.0006753737,0.0005270648,0.00661755,0.006466534,0.0002160088,0.000143144,0.0005747989,5.234571E-05,0.001202573,0.001200053,0.1232365,0.7569705,6.144374E-05,0.1020561
96,0.0005468915,0.0004293179,0.005346865,0.005224719,0.0001767547,0.0001063505,0.0004607602,4.321909E-05,0.0009964713,0.0009330737,0.1013964,0.7644135,9.095942E-05,0.1198347
97,0.0004575258,0.0003611792,0.004482556,0.00451345,0.0001503237,8.550774E-05,0.0004420438,4.944609E-05,0.0009970205,0.0007652304,0.1035296,0.7337521,0.0001303491,0.1502836
98,0.0004003271,0.0003160865,0.003941212,0.004116089,0.0001328506,7.861164E-05,0.0004501133,5.8364E-05,0.001031567,0.0006741731,0.1016531,0.7390991,0.0001341825,0.1479143
99,0.0003784421,0.0002978297,0.003761564,0.004101469,0.0001259177,8.799591E-05,0.0004923275,7.102564E-05,0.001130433,0.0006501643,0.1072109,0.7343673,0.0001383405,0.1471864
100,0.0004107834,0.0003215184,0.004130392,0.004622828,0.000135577,0.0001192429,0.0005653659,8.14861E-05,0.00127376,0.0007178854,0.1196229,0.7268752,0.0001091027,0.1410139
101,0.0004864204,0.0003781432,0.004943131,0.005558437,0.0001580606,0.0001712961,0.0006598521,8.958271E-05,0.00145395,0.0008563071,0.1361274,0.7258437,7.038334E-05,0.1232034
102,0.0005829554,0.0004516655,0.005962604,0.006631713,0.0001870231,0.0002271601,0.000746519,9.251143E-05,0.001608458,0.001013072,0.1508108,0.7279714,4.596477E-05,0.1036682
103,0.000687568,0.000533211,0.007046001,0.00766129,0.0002188092,0.0002703171,0.0008064014,8.925124E-05,0.001701677,0.001157065,0.1602885,0.7313856,3.975763E-05,0.08811451
104,0.0007880743,0.0006140816,0.008068113,0.008530527,0.0002496916,0.0002943679,0.000831228,8.139882E-05,0.001725468,0.001265138,0.1636074,0.7350419,3.802253E-05,0.07886459
105,0.0008568555,0.0006731842,0.008750849,0.00900332,0.0002712422,0.0002940665,0.000809387,7.064698E-05,0.001664567,0.00129824,0.159175,0.739235,4.106601E-05,0.07785675
106,0.0008300619,0.0006593229,0.008450793,0.008513185,0.000263719,0.0002569305,0.0007149173,5.788331E-05,0.001478019,0.001181403,0.1423743,0.7424634,5.72679E-05,0.09269874
107,0.0006606845,0.000530901,0.006704063,0.006702531,0.0002120843,0.0001834509,0.0005519061,4.566569E-05,0.001178889,0.0008897929,0.1129687,0.7499928,8.840387E-05,0.1192901
108,0.000456856,0.0003698418,0.0046212,0.00468171,0.0001491981,0.0001155422,0.0004167366,4.054801E-05,0.000943292,0.0006004819,0.08713472,0.7687529,0.000122938,0.131594
109,0.0003377407,0.0002724665,0.003393449,0.003437419,0.0001111506,7.931647E-05,0.0003245433,3.10438E-05,0.0007612954,0.0004616452,0.06490371,0.8233281,9.682693E-05,0.1024613
110,0.0002982207,0.0002385081,0.002977626,0.003042639,9.884848E-05,6.738731E-05,0.0003179543,3.120544E-05,0.0007612716,0.0004367861,0.06413826,0.8288576,9.514885E-05,0.09863846
111,0.0002902105,0.0002294012,0.002882477,0.002975415,9.638217E-05,6.595168E-05,0.0003412941,3.374893E-05,0.0008137538,0.0004604827,0.06836099,0.8249777,9.391402E-05,0.09837838
112,0.0003027765,0.0002362774,0.00299567,0.003119427,0.0001001972,7.203573E-05,0.0003827124,3.711732E-05,0.0008960384,0.0005180514,0.07577278,0.8165219,8.842351E-05,0.09895666
113,0.0003211873,0.0002475877,0.003169426,0.003327478,0.000105695,8.2146E-05,0.0004283495,4.057808E-05,0.0009832182,0.0005843741,0.08397871,0.8049508,8.945566E-05,0.1016909
114,0.0003426414,0.0002612441,0.003375727,0.003565068,0.0001120067,9.51587E-05,0.0004726261,4.35097E-05,0.001064882,0.0006528649,0.09206468,0.7916672,9.2337E-05,0.10619
115,0.0003896024,0.0002940371,0.003834485,0.004029244,0.0001258793,0.0001153425,0.0005284412,4.440036E-05,0.001159437,0.0007672567,0.1023662,0.7832763,7.243945E-05,0.1029969
116,0.0004341658,0.0003249253,0.004268561,0.004446993,0.0001387536,0.0001341387,0.0005722679,4.438551E-05,0.001235119,0.0008716674,0.1107608,0.776354,6.618664E-05,0.100348
117,0.0004769052,0.000354801,0.004681501,0.004812391,0.00015108,0.0001477171,0.0006001062,4.222678E-05,0.001276261,0.0009636183,0.1164577,0.7700442,6.412675E-05,0.09992725
118,0.0005171169,0.0003831445,0.00506602,0.005123064,0.0001626154,0.0001558263,0.0006141702,3.886015E-05,0.001291515,0.001042234,0.1198756,0.7661036,6.053191E-05,0.09956567
119,0.0005561538,0.0004109735,0.005435238,0.005397056,0.0001737675,0.0001591429,0.0006179559,3.484705E-05,0.001288524,0.001111005,0.121637,0.765394,5.508995E-05,0.0977293
120,0.0005542425,0.0004091501,0.005401117,0.005285499,0.000172846,0.0001480312,0.0005852423,3.056799E-05,0.001224665,0.001092235,0.1170194,0.7634822,6.648895E-05,0.1045283
121,0.0004947714,0.0003646285,0.004799884,0.004645042,0.0001544583,0.0001217128,0.0005068673,2.608349E-05,0.001077594,0.0009704503,0.1015157,0.7745942,8.262738E-05,0.1106461
122,0.0004432863,0.0003254937,0.00428047,0.004119371,0.0001388566,0.0001010214,0.0004566844,2.430294E-05,0.0009920696,0.0008737899,0.09362679,0.7774506,9.198955E-05,0.1170753
123,0.0004091214,0.0002985511,0.003932847,0.003777479,0.0001285545,8.756854E-05,0.0004335597,2.436822E-05,0.0009567526,0.0008203258,0.09010483,0.7818759,9.120272E-05,0.1170589
124,0.0003871409,0.0002802139,0.003706141,0.003565113,0.0001219701,7.930325E-05,0.000428951,2.578275E-05,0.0009546003,0.0007966052,0.08958378,0.7839684,9.145203E-05,0.1160105
125,0.0003744824,0.000268557,0.003572233,0.003451669,0.000118209,7.512725E-05,0.0004372585,2.821702E-05,0.0009742457,0.0007940319,0.09115597,0.7822717,9.482093E-05,0.1163835
126,0.0003848727,0.0002732758,0.00366151,0.003546577,0.0001211949,7.718818E-05,0.0004638472,3.0933E-05,0.001022853,0.0008411098,0.09611106,0.7788762,8.615212E-05,0.1145033
127,0.0004154996,0.0002921465,0.003944826,0.003814938,0.0001300063,8.388331E-05,0.0005019372,3.300414E-05,0.001087548,0.0009311708,0.1033177,0.7763435,7.133545E-05,0.1090325
128,0.0004573781,0.0003188598,0.004334754,0.004169837,0.0001419593,9.22707E-05,0.0005399314,3.385754E-05,0.001147968,0.001041504,0.1106495,0.7741191,6.078578E-05,0.1028923
129,0.0005013412,0.0003472269,0.004742818,0.004525819,0.0001544216,9.928318E-05,0.0005673948,3.31654E-05,0.00118575,0.001148049,0.1162026,0.7715231,5.621965E-05,0.09891276
130,0.0005420974,0.0003737429,0.005118223,0.004836583,0.0001658935,0.0001034067,0.0005805079,3.114341E-05,0.001195967,0.001237519,0.1193017,0.7691813,5.421958E-05,0.0972777
131,0.0005524073,0.0003798504,0.005203971,0.004879912,0.0001685763,0.0001002578,0.0005636974,2.8349E-05,0.001156747,0.001249219,0.1170442,0.7653753,6.382073E-05,0.1032338
132,0.0005107686,0.0003506713,0.004799756,0.004493467,0.0001563624,8.804938E-05,0.000513101,2.565881E-05,0.001066174,0.001142733,0.1083546,0.7605728,8.779408E-05,0.1178381
133,0.0004788422,0.0003283938,0.00450263,0.004254457,0.0001477411,8.066886E-05,0.0005013138,2.975705E-05,0.001061262,0.001057695,0.1105275,0.7386693,0.0001064566,0.138254
134,0.0004393987,0.0003005473,0.004137339,0.003964347,0.0001365853,7.477553E-05,0.0004905582,3.522768E-05,0.001055132,0.0009678144,0.1072728,0.7406968,0.0001121185,0.1403165
135,0.0004168083,0.0002840132,0.003934812,0.003836008,0.0001302594,7.470926E-05,0.0005006255,4.296337E-05,0.001086432,0.0009224799,0.108043,0.7402024,0.0001152762,0.1404103
136,0.0004070089,0.0002761856,0.003858152,0.003834288,0.0001275687,8.021553E-05,0.0005248776,5.241501E-05,0.001142161,0.0009078994,0.1115837,0.7358395,0.0001194488,0.1412464
137,0.0004157382,0.0002808858,0.003962702,0.00400296,0.0001301639,9.290709E-05,0.0005631924,6.233968E-05,0.001219928,0.000934407,0.1179975,0.7291933,0.0001149715,0.1410291
138,0.0004535152,0.000304931,0.00434774,0.004417947,0.0001411107,0.0001142282,0.0006176949,7.06617E-05,0.001319556,0.001023841,0.127695,0.7246057,9.322963E-05,0.1347948
139,0.0005181436,0.0003468264,0.00499038,0.005040925,0.0001597975,0.000141101,0.0006806612,7.608154E-05,0.001425759,0.001166288,0.1389699,0.7242235,6.90751E-05,0.1221916
140,0.000592481,0.0003953542,0.005724431,0.005701587,0.0001811237,0.0001664784,0.0007328005,7.853463E-05,0.001511975,0.001318011,0.1482673,0.7250059,5.651669E-05,0.1102675
141,0.0006716281,0.0004478566,0.006497953,0.00634491,0.0002040104,0.0001845621,0.0007660104,7.684009E-05,0.001556327,0.001461363,0.1541239,0.7269892,4.921948E-05,0.1006263
142,0.0006951654,0.000464686,0.006727857,0.006456214,0.0002109811,0.0001808066,0.0007376919,7.097265E-05,0.001493566,0.001467206,0.1490348,0.7249936,6.488739E-05,0.1074015
143,0.0006315932,0.0004239914,0.006111674,0.00580739,0.0001927697,0.0001531863,0.0006462534,6.298622E-05,0.00132792,0.001291558,0.1324665,0.7220653,9.437039E-05,0.1287245
144,0.0005593219,0.0003764563,0.005411943,0.005120655,0.000171887,0.0001273398,0.000572023,5.87543E-05,0.001203375,0.001120166,0.1187772,0.7283016,0.0001021603,0.1380972
145,0.0005307165,0.0003577351,0.005141953,0.004879711,0.0001642363,0.0001160949,0.0005601876,6.322382E-05,0.00119571,0.00104121,0.119555,0.7222422,9.835607E-05,0.1440537
146,0.0004808383,0.0003242754,0.004668597,0.004478019,0.0001500316,0.0001038194,0.0005401806,6.792445E-05,0.001171174,0.0009341825,0.1143068,0.7290627,0.0001079049,0.1436035
147,0.000460611,0.0003103395,0.004486458,0.004351863,0.0001444286,0.0001014521,0.0005471854,7.42659E-05,0.001191574,0.0008935674,0.1143077,0.7309944,0.0001068421,0.1420292
148,0.0004609857,0.0003100293,0.004508948,0.004418172,0.0001447882,0.0001066266,0.0005713844,8.132345E-05,0.001241416,0.0008964853,0.117745,0.7308406,9.948975E-05,0.1385748
149,0.0004758174,0.0003193702,0.004675864,0.004612557,0.0001493212,0.000117072,0.0006032508,8.777621E-05,0.001302556,0.0009264942,0.1227733,0.7291059,9.166652E-05,0.1347592
150,0.0004953419,0.0003320053,0.004890441,0.004839219,0.0001551924,0.0001292676,0.0006321307,9.269361E-05,0.001356314,0.0009616728,0.1273805,0.7263594,8.766742E-05,0.1322881
151,0.0005023716,0.0003366806,0.004982164,0.004942024,0.0001573804,0.0001379256,0.0006445866,9.566078E-05,0.001380929,0.0009681006,0.1291215,0.7221151,9.383936E-05,0.1345217
152,0.0005397525,0.000361554,0.005372371,0.005293472,0.0001685999,0.0001528012,0.0006737494,9.74947E-05,0.001428185,0.001029255,0.1339003,0.7218956,7.761323E-05,0.1290093
153,0.0005771429,0.0003866266,0.005761751,0.005620061,0.0001797374,0.0001655496,0.0006950871,9.822867E-05,0.001465173,0.001085056,0.1373651,0.7247973,6.767635E-05,0.1217355
154,0.0005897943,0.0003958032,0.005900202,0.005697187,0.0001836763,0.0001671922,0.0006870372,9.578122E-05,0.001448426,0.001087509,0.1356793,0.7258119,7.323706E-05,0.1221829
155,0.0005432161,0.0003659475,0.005443366,0.005243051,0.0001702139,0.0001503741,0.0006327246,9.049175E-05,0.001350543,0.0009809688,0.1257423,0.724207,0.0001014137,0.1349785
156,0.000486767,0.0003289061,0.004889218,0.004729917,0.0001536529,0.0001340253,0.0005869988,8.851683E-05,0.001275275,0.0008692667,0.1170633,0.7257318,0.0001184344,0.1435439
157,0.0004142715,0.0002794647,0.004152789,0.003973628,0.000130846,0.0001109563,0.0004901582,7.176691E-05,0.001077297,0.0007322165,0.08964618,0.790702,8.768446E-05,0.1081307
158,0.0004010448,0.0002697152,0.004013972,0.003807982,0.0001267185,0.0001051883,0.0004732256,6.803388E-05,0.001048671,0.0007092349,0.08777811,0.79877,8.07915E-05,0.1023474
159,0.0003945756,0.0002643968,0.003944256,0.003711834,0.0001247089,0.0001014315,0.000465416,6.548821E-05,0.001033059,0.0007013662,0.08713181,0.8019407,8.026811E-05,0.1000408
160,0.0003920507,0.0002616608,0.003915199,0.003657311,0.0001239384,9.897155E-05,0.0004632481,6.380057E-05,0.001026161,0.0007021533,0.08723619,0.802702,8.049772E-05,0.09927694
161,0.0003985095,0.0002648169,0.00397716,0.003684932,0.0001258506,9.892366E-05,0.0004690307,6.280902E-05,0.001032456,0.0007199051,0.08858821,0.8028896,7.589582E-05,0.09761187
162,0.0004087969,0.0002704893,0.004078244,0.003746161,0.0001289056,9.967139E-05,0.0004770012,6.195995E-05,0.001041955,0.0007439684,0.09027648,0.8027776,7.210374E-05,0.09581666
163,0.0004166753,0.0002746482,0.004155884,0.003785784,0.0001312696,9.945357E-05,0.0004813107,6.080245E-05,0.001044227,0.0007618795,0.09131815,0.8017418,7.260066E-05,0.09565558
164,0.0004323018,0.000283894,0.004311597,0.003888429,0.0001359133,0.0001004796,0.0004889074,5.94692E-05,0.00105092,0.0007922918,0.09293494,0.8014233,6.716147E-05,0.09403039
165,0.0004439043,0.0002905997,0.004427384,0.003954247,0.0001393702,9.99867E-05,0.0004909025,5.774116E-05,0.001048161,0.0008129239,0.09363718,0.8014562,6.586192E-05,0.09307562
166,0.0004584636,0.000299303,0.004572967,0.004040943,0.0001436958,9.938134E-05,0.0004919044,5.560419E-05,0.001042618,0.000836565,0.09421012,0.8019828,6.233464E-05,0.09170327
167,0.0004583015,0.0002985995,0.00457131,0.004004808,0.0001437003,9.522139E-05,0.0004807089,5.298245E-05,0.001017201,0.0008312382,0.09271013,0.801988,6.707277E-05,0.09328067
168,0.000466127,0.000303046,0.004649581,0.004034411,0.0001460467,9.248414E-05,0.0004746245,5.054979E-05,0.001000421,0.000840323,0.09210499,0.803332,6.262102E-05,0.09244269
169,0.0004877824,0.0003173225,0.004876503,0.004257496,0.0001538035,9.502206E-05,0.0005129963,5.775571E-05,0.001086096,0.0008787807,0.1070491,0.7615618,8.950548E-05,0.1185761
170,0.0004587131,0.0002985962,0.004599211,0.004058005,0.0001455855,8.981243E-05,0.0005061385,6.11278E-05,0.001080716,0.0008278649,0.104828,0.7567174,0.0001045401,0.1262242
171,0.0004383182,0.0002853861,0.004412696,0.003949625,0.0001398283,8.964946E-05,0.0005126884,6.652553E-05,0.001102769,0.0007966692,0.1051325,0.753539,0.0001106193,0.1294238
172,0.0004275348,0.0002783915,0.004328115,0.003939187,0.0001368063,9.531596E-05,0.0005311885,7.344742E-05,0.001147715,0.0007850495,0.107708,0.7491767,0.000114939,0.1312576
173,0.0004522074,0.000294154,0.004606893,0.004226856,0.0001443099,0.0001118175,0.0005728952,8.009053E-05,0.001227672,0.0008383861,0.1147692,0.745619,9.606501E-05,0.1269603
174,0.0004854171,0.0003155164,0.004976465,0.004576893,0.0001542437,0.0001321791,0.0006147423,8.561991E-05,0.001307484,0.0009036995,0.1219828,0.7427508,8.442301E-05,0.1216298
175,0.000536875,0.0003488593,0.005531473,0.005047934,0.0001697192,0.0001547037,0.0006569389,8.819142E-05,0.001379445,0.0009947533,0.1292863,0.7417216,7.009401E-05,0.1140131
176,0.0005991645,0.0003896032,0.006194895,0.005567318,0.0001885099,0.0001751843,0.0006918421,8.798912E-05,0.00143427,0.001094681,0.1353279,0.7434059,5.775335E-05,0.104785
177,0.0006562194,0.0004277064,0.006799398,0.005994095,0.0002058575,0.0001873352,0.0007060645,8.475537E-05,0.001450604,0.001171544,0.1378442,0.7460715,5.269978E-05,0.098348
178,0.0006765882,0.0004429921,0.007018427,0.006075596,0.0002124099,0.0001831412,0.0006806583,7.817471E-05,0.001396388,0.001171771,0.1335771,0.7473368,6.01867E-05,0.1010898
179,0.0006365601,0.000419305,0.006607084,0.005647055,0.0002008669,0.0001609996,0.0006132528,6.980393E-05,0.001272292,0.00106823,0.1219367,0.7483246,7.791572E-05,0.1129652
180,0.0005826187,0.0003857586,0.006049755,0.005127299,0.0001849838,0.0001377067,0.0005508452,6.373713E-05,0.001163542,0.0009552147,0.1110331,0.7543675,8.32015E-05,0.1193148
181,0.0005346608,0.000356234,0.005564522,0.004751017,0.0001719495,0.0001210677,0.0005290324,6.566868E-05,0.001150763,0.0008455052,0.1116703,0.7380189,0.0001017059,0.1361187
182,0.0004718223,0.0003158429,0.004927048,0.004271283,0.0001535965,0.0001061,0.0005034159,6.788519E-05,0.001122031,0.0007323871,0.1050146,0.7451785,0.000112813,0.1370226
183,0.0004487272,0.0003011905,0.004709245,0.004149499,0.0001471874,0.0001052164,0.0005129293,7.300138E-05,0.00115518,0.0006938241,0.1052432,0.7484783,0.0001075048,0.1338751
184,0.0004247121,0.0002858203,0.004488831,0.004048,0.0001401972,0.0001095651,0.0005284066,7.996466E-05,0.001201755,0.0006590921,0.1066924,0.7466378,0.0001183062,0.1345853
185,0.0004094664,0.0002763639,0.004369474,0.004045173,0.0001356761,0.0001232137,0.0005534317,8.812781E-05,0.001265206,0.0006392461,0.1100187,0.7396832,0.0001327095,0.13826
186,0.0004211842,0.0002849039,0.004547854,0.004292179,0.0001393086,0.0001547767,0.0005981721,9.669406E-05,0.001363621,0.0006616026,0.117181,0.7314282,0.0001256371,0.1387049
187,0.0004577957,0.0003101398,0.005001319,0.004744957,0.0001505361,0.0002033619,0.0006553775,0.0001038821,0.00148257,0.0007201264,0.1266504,0.7255237,0.0001044465,0.1338914
188,0.0005234666,0.0003551116,0.005767649,0.005397074,0.0001709207,0.0002621136,0.0007202472,0.0001075167,0.001606688,0.0008151238,0.137117,0.724672,7.761857E-05,0.1224074
189,0.0005934989,0.0004035832,0.006578078,0.006002234,0.0001925793,0.0003149322,0.0007691227,0.0001083356,0.001705755,0.0009052785,0.1444966,0.726372,6.51115E-05,0.1114928
190,0.0006335798,0.0004332839,0.007039945,0.006240121,0.0002055307,0.0003321787,0.0007718403,0.0001035142,0.001710404,0.0009346247,0.1439733,0.7277394,7.015684E-05,0.1098121
191,0.0006540923,0.0004506309,0.007271889,0.006250811,0.0002128224,0.0003250263,0.0007477432,9.584285E-05,0.001660243,0.0009275349,0.1391385,0.7311727,7.147738E-05,0.1110206
192,0.0006275999,0.0004362279,0.006976256,0.005848257,0.0002055932,0.0002897455,0.0006882835,8.716492E-05,0.001545076,0.0008563274,0.1286834,0.7369863,8.088978E-05,0.1166889
193,0.0005160671,0.0003608149,0.005723002,0.004672471,0.000170487,0.0002163303,0.0005388134,6.994414E-05,0.00123573,0.0006716955,0.09580167,0.7906675,7.722927E-05,0.09927822
194,0.0004718695,0.0003312363,0.005220847,0.004170878,0.0001572386,0.0001794471,0.0004788011,6.406622E-05,0.00111864,0.0005959622,0.08711797,0.8033153,7.334614E-05,0.09670439
195,0.0004315212,0.000303594,0.004762867,0.003744125,0.0001451632,0.0001492058,0.0004354152,6.047081E-05,0.001033175,0.0005373706,0.08073138,0.8139038,7.251408E-05,0.09368932
196,0.0003929418,0.0002766211,0.004325997,0.003367564,0.0001335853,0.0001243136,0.0004041347,5.866992E-05,0.0009702565,0.000489652,0.07592957,0.8208745,7.706385E-05,0.09257524
197,0.0003638412,0.0002558235,0.003995524,0.003096619,0.00012497,0.000106694,0.0003885307,5.891144E-05,0.0009377539,0.0004602228,0.07340769,0.8248371,8.051368E-05,0.09188578
198,0.0003619847,0.0002537317,0.003966842,0.003059358,0.0001251343,9.996186E-05,0.0003959338,6.087933E-05,0.0009493427,0.000469084,0.07472302,0.827201,7.056796E-05,0.0882632
199,0.0003726576,0.0002602252,0.004076805,0.003127964,0.0001293492,9.806656E-05,0.0004119826,6.314363E-05,0.0009770552,0.0004945715,0.07752481,0.8287266,6.147524E-05,0.08367525
200,0.00040178,0.0002795979,0.004389677,0.003337334,0.0001396714,0.0001007297,0.0004346544,6.438349E-05,0.001013241,0.0005408484,0.08155987,0.8305488,4.932648E-05,0.07714008
201,0.0004242391,0.0002946288,0.004629455,0.003488745,0.0001478299,0.0001010206,0.0004451655,6.390905E-05,0.001025789,0.0005723315,0.08367216,0.8311504,4.776839E-05,0.07393657
202,0.0004254091,0.0002954031,0.004635993,0.003472695,0.0001490476,9.555287E-05,0.0004343714,6.111009E-05,0.0009956588,0.0005691738,0.08224432,0.829457,5.669582E-05,0.07710754
203,0.0004020164,0.0002793073,0.004374025,0.003273518,0.0001420038,8.544714E-05,0.0004081053,5.778628E-05,0.0009395422,0.0005330269,0.07810003,0.8274338,6.981698E-05,0.08390171
204,0.0003822419,0.000265449,0.004151974,0.003112598,0.0001360175,7.785302E-05,0.000390716,5.619639E-05,0.0009047375,0.0005062326,0.07536098,0.8279403,7.168848E-05,0.08664303
205,0.0003725515,0.0002587485,0.004046096,0.00306617,0.0001336742,7.48443E-05,0.0003995441,6.005483E-05,0.00092812,0.0005101162,0.07858168,0.8160558,8.302846E-05,0.09542947
206,0.0003525084,0.0002446827,0.00382902,0.00294852,0.0001274098,7.217795E-05,0.0004035448,6.384903E-05,0.0009397119,0.0005009477,0.0790901,0.8112314,9.435475E-05,0.1001017
207,0.0003443122,0.0002386687,0.003743668,0.002937071,0.0001249781,7.48878E-05,0.0004216386,6.965375E-05,0.0009794916,0.000509216,0.08195724,0.8050567,9.98114E-05,0.1034426
208,0.0003509434,0.0002427948,0.0038234,0.003052383,0.0001274295,8.393615E-05,0.0004529468,7.665464E-05,0.001044059,0.0005391765,0.08718327,0.7979598,9.731574E-05,0.1049659
209,0.0003637665,0.0002512241,0.003974036,0.003221413,0.0001318462,9.735176E-05,0.0004880505,8.371662E-05,0.001115499,0.0005767003,0.093145,0.7898509,9.640252E-05,0.1066042
210,0.0003875293,0.0002672063,0.004246588,0.003471656,0.0001399329,0.0001153266,0.0005265764,8.98279E-05,0.001190777,0.0006284609,0.09982602,0.7822905,8.936927E-05,0.1067303
211,0.0004335619,0.0002984651,0.004763125,0.003880324,0.0001557036,0.0001384882,0.000572833,9.407925E-05,0.001274095,0.0007115168,0.1079348,0.7791756,6.958844E-05,0.1004978
212,0.0004905581,0.0003374644,0.005398297,0.004345118,0.0001752827,0.0001613386,0.0006142913,9.604046E-05,0.001346983,0.0008044894,0.1152884,0.7794512,5.466293E-05,0.09143597
213,0.0005487686,0.0003779716,0.006042205,0.004777187,0.0001955741,0.0001773593,0.0006391608,9.445468E-05,0.001385623,0.0008871098,0.1199289,0.7811104,4.718007E-05,0.08378815
214,0.0005911903,0.0004086762,0.006507081,0.005046053,0.0002108799,0.0001810276,0.0006356701,8.897662E-05,0.001368735,0.000930943,0.119942,0.7826771,4.754327E-05,0.08136408
215,0.0006009584,0.0004177429,0.006608484,0.005036333,0.0002152603,0.0001704842,0.0005993794,8.054475E-05,0.00129165,0.0009154964,0.1145478,0.7840741,5.373437E-05,0.08538797
216,0.0005348415,0.0003743365,0.005872224,0.004438364,0.0001934161,0.0001392567,0.0005150413,6.978352E-05,0.00113,0.0007887011,0.1006521,0.7852843,7.8736E-05,0.09992879
217,0.0004697145,0.000330633,0.005146822,0.003914999,0.0001719633,0.0001139324,0.0004668057,6.407378E-05,0.001057181,0.0006806509,0.09560533,0.773523,0.0001004642,0.1183543
218,0.0004029855,0.0002844654,0.004408081,0.003407745,0.0001492082,9.416812E-05,0.0004324611,6.192544E-05,0.001004957,0.0005874243,0.08870324,0.7806795,0.0001091589,0.1196747
219,0.0003668956,0.0002590431,0.004011586,0.003174323,0.0001368418,8.746379E-05,0.0004340232,6.49001E-05,0.001021051,0.0005487467,0.08817159,0.7824988,0.0001136486,0.1191112
220,0.000353756,0.0002494689,0.003874474,0.003151095,0.0001322248,9.237929E-05,0.0004602789,7.096527E-05,0.001083767,0.0005474889,0.09215066,0.7779459,0.0001179727,0.1197696
221,0.0003663702,0.0002578571,0.004028011,0.003351478,0.0001364156,0.0001106447,0.0005059474,7.776341E-05,0.001180854,0.0005853911,0.09991716,0.7697838,0.0001103288,0.1195879
222,0.0003833176,0.0002694564,0.004236559,0.003593977,0.0001418661,0.0001371455,0.0005518445,8.426269E-05,0.00127883,0.0006266256,0.1079022,0.7594283,0.0001104807,0.121255
223,0.0004215968,0.0002960599,0.004683322,0.003992288,0.0001547655,0.0001746943,0.0006043203,8.845492E-05,0.001384186,0.0006975235,0.1172265,0.7512703,9.429162E-05,0.1189117
224,0.0004855154,0.0003408036,0.005410791,0.004558815,0.0001768175,0.000219351,0.0006624022,8.943764E-05,0.001492739,0.0008020111,0.1274693,0.7496713,6.88001E-05,0.1085519
225,0.0005321537,0.0003741645,0.005942341,0.004923566,0.0001927989,0.0002506738,0.0006891055,8.817349E-05,0.00155016,0.0008677687,0.1322256,0.7477269,6.84413E-05,0.1045683
226,0.0005530208,0.0003906605,0.006174512,0.005017282,0.0002004764,0.000256538,0.0006788094,8.273167E-05,0.001528327,0.0008800994,0.1305341,0.745559,7.638412E-05,0.1080681
227,0.000549597,0.0003905456,0.00613074,0.004891696,0.0001998959,0.0002452542,0.000646023,7.657417E-05,0.001465206,0.0008517423,0.1249932,0.7460617,8.184683E-05,0.1134158
228,0.0005144902,0.0003679719,0.005732159,0.004518962,0.0001882579,0.0002189807,0.0005955716,7.126712E-05,0.0013708,0.0007796251,0.1162981,0.7491742,9.301853E-05,0.1200766
229,0.0004517951,0.0003252627,0.005029048,0.003973037,0.0001665173,0.0001857847,0.00054998,7.293531E-05,0.001279374,0.0006612805,0.1075502,0.7496198,0.0001179783,0.1300169
