"<HEADER software/>"
EwEVersion,"6.7.0.17868 (compiled 5/31/2022)"
Date,"7/27/2023 3:33:22 PM"
"<HEADER ecopath/>"
ModelName,1
"<HEADER ecosim/>"
EcosimScenario,"Gulfwide_EwE_mvl_try3 DC adjustments"
TimeSeries,TS_updated_IB13
StartYear,1980
"<HEADER end/>"

Data,"Prey of Butterfish"

timestep\group,"Pink shrimp","Brown shrimp","White shrimp","Sessile epifauna","Mobile epifauna",Zooplankton,Infauna,Algae,Seagrass,Phytoplankton,Detritus,
1,0.001480342,0.000397112,0.002411995,0.1759891,0.09316362,0.346787,0.1008368,0.05622711,0.05544375,0.08079967,0.08646338
2,0.001392245,0.0003865156,0.002259424,0.1627924,0.08531665,0.3681873,0.0931993,0.06161601,0.05585303,0.08469443,0.08430275
3,0.001246339,0.0003654087,0.002024632,0.1426659,0.07347329,0.4095442,0.08337588,0.06910611,0.05009339,0.08837245,0.0797324
4,0.001268371,0.0003809157,0.002046773,0.1429622,0.07120017,0.4367596,0.08071364,0.06599114,0.04395115,0.07742109,0.07730494
5,0.0013878,0.0004170776,0.002219705,0.1556716,0.07425012,0.4408209,0.08222381,0.05957029,0.04133891,0.065774,0.07632587
6,0.001618366,0.000471707,0.002555801,0.1832757,0.08362804,0.4175773,0.08790223,0.05136351,0.03923319,0.05520999,0.07716408
7,0.00190864,0.0005331823,0.002983584,0.2208204,0.09680642,0.3679429,0.09565894,0.04593315,0.03938254,0.04936673,0.07866357
8,0.002126401,0.0005719965,0.003310099,0.2535177,0.1077835,0.3066405,0.1015174,0.04620786,0.04588716,0.05139381,0.08104371
9,0.00232102,0.0005940837,0.003592896,0.2876418,0.1196688,0.2489316,0.1070582,0.04435389,0.0497215,0.05240404,0.08371234
10,0.002463332,0.0006020807,0.003806196,0.3190877,0.1309502,0.1920712,0.1124234,0.04297586,0.05411896,0.05496774,0.08653339
11,0.00242096,0.0005750102,0.003757599,0.3281639,0.1342993,0.1442983,0.1144052,0.0471534,0.06589399,0.06727249,0.09175986
12,0.002604939,0.0005770326,0.00401431,0.3732206,0.152085,0.1032502,0.1219122,0.0373868,0.05539647,0.05684706,0.09270526
13,0.002354819,0.0005081685,0.003678695,0.355448,0.1539245,0.07443989,0.1206757,0.0431643,0.07153621,0.07992892,0.09434075
14,0.001936733,0.0004180343,0.003078299,0.3047709,0.135775,0.05984003,0.1163881,0.05833702,0.0905318,0.1239235,0.1050007
15,0.001786743,0.000390729,0.002886492,0.288347,0.1328509,0.05690574,0.1227757,0.06001147,0.08447659,0.1360284,0.1135404
16,0.001567146,0.0003626028,0.00258143,0.2520645,0.1214645,0.06739513,0.1250941,0.06951764,0.08103008,0.1631736,0.1157493
17,0.001372075,0.0003449893,0.002288411,0.2134413,0.107338,0.1064904,0.1228521,0.08082245,0.06597764,0.1866843,0.1123883
18,0.001319665,0.0003498266,0.002183226,0.1960493,0.100969,0.189401,0.119273,0.07434998,0.04908584,0.1640111,0.1030079
19,0.001325216,0.0003571491,0.002149623,0.1883179,0.09760626,0.2778146,0.1132909,0.06146759,0.03947531,0.1272552,0.09094027
20,0.001422519,0.0003734734,0.002246246,0.1966039,0.1011736,0.3279549,0.1109293,0.04836638,0.03371016,0.09543451,0.08178502
21,0.001565831,0.0003919047,0.002410239,0.2142897,0.1089096,0.3402321,0.1110013,0.03943058,0.03081657,0.07580849,0.07514361
22,0.001580575,0.0003835669,0.002399229,0.2162358,0.1090294,0.3310362,0.1063058,0.04219973,0.03888271,0.07913373,0.07281338
23,0.001635698,0.0003803032,0.002450695,0.2264223,0.11353,0.3156005,0.1056703,0.04103732,0.04238038,0.07702034,0.07387216
24,0.001523598,0.000352785,0.002285498,0.2126268,0.107003,0.306888,0.100179,0.04837725,0.05250754,0.09139434,0.07686221
25,0.001305471,0.0003017147,0.001978541,0.1839595,0.1081615,0.3151448,0.09410023,0.05114767,0.05223434,0.1148753,0.07679105
26,0.001231874,0.0002891064,0.001887593,0.1725996,0.1032404,0.3214829,0.09585947,0.05358498,0.04966516,0.1206781,0.07948089
27,0.001185749,0.0002846073,0.001830865,0.1629976,0.09903485,0.3382471,0.09705256,0.0542876,0.04579862,0.1199271,0.07935329
28,0.001223184,0.0002951392,0.00188508,0.1645724,0.1008363,0.3513705,0.1006042,0.05034432,0.04168911,0.1085877,0.07859194
29,0.001219031,0.0002976283,0.001875275,0.1597096,0.09858753,0.3604534,0.1004344,0.05135146,0.04135773,0.1079602,0.07675372
30,0.00127816,0.0003098533,0.001949421,0.16394,0.1013997,0.3623519,0.1028935,0.04889758,0.03984234,0.1006296,0.07650782
31,0.001401153,0.0003307131,0.002108988,0.1776253,0.1096467,0.3547375,0.1083052,0.04337192,0.03761925,0.08884651,0.07600696
32,0.001518915,0.0003463145,0.002257867,0.1921437,0.1183781,0.3357256,0.1130607,0.04008768,0.03797481,0.08326933,0.07523691
33,0.001655827,0.0003584672,0.002425745,0.2119475,0.130194,0.3088945,0.1186528,0.03610353,0.03766245,0.0774697,0.07463545
34,0.001728589,0.0003556231,0.002506661,0.2259693,0.1388421,0.2770363,0.1217628,0.03538629,0.04131079,0.08023444,0.07486705
35,0.001487525,0.0003031266,0.002168649,0.1974234,0.123118,0.2502412,0.1120245,0.05090108,0.05861517,0.1234861,0.08023116
36,0.001305736,0.0002732869,0.001934809,0.1728163,0.1103698,0.2573113,0.107959,0.05985913,0.05632385,0.1452724,0.0865743
37,0.001224511,0.0002810162,0.001838465,0.1562749,0.08998138,0.3121699,0.1036873,0.06629027,0.04910112,0.1320207,0.08713045
38,0.001149087,0.0002843644,0.001733486,0.1402305,0.0809941,0.3855751,0.09513965,0.06274983,0.04021739,0.1121797,0.0797468
39,0.001091529,0.0002888344,0.001649517,0.1269089,0.07252572,0.4460122,0.08626708,0.06141086,0.0348189,0.09685321,0.0721733
40,0.001073421,0.0002988369,0.001619431,0.1194459,0.06655809,0.4867702,0.0794457,0.0613674,0.03132674,0.08512741,0.06696694
41,0.001109145,0.0003187151,0.001666824,0.1193734,0.06405352,0.5077603,0.07588084,0.06074259,0.02955412,0.07523394,0.06430657
42,0.001277023,0.0003642509,0.001899863,0.1354753,0.06955115,0.5019289,0.07910266,0.05402438,0.02902284,0.06222883,0.06512482
43,0.001563076,0.0004270014,0.002289602,0.166638,0.08203202,0.4735507,0.08697642,0.04415731,0.02669049,0.04950808,0.06616719
44,0.001959703,0.0005049965,0.002833761,0.2134042,0.1012211,0.4122639,0.09855255,0.03658942,0.02452246,0.04099441,0.06715354
45,0.002328129,0.0005613113,0.003331961,0.2628754,0.1211871,0.3355426,0.1083783,0.03351706,0.02652354,0.03877122,0.06698342
46,0.002370414,0.0005447229,0.003388084,0.2798492,0.1270223,0.2625698,0.1091932,0.04248254,0.04527114,0.05549285,0.07181578
47,0.00195322,0.0004532596,0.002836856,0.2394797,0.1092172,0.2147463,0.1011403,0.06750517,0.07307963,0.1029382,0.0866502
48,0.001865746,0.0004462283,0.002764227,0.2340086,0.1077511,0.1944878,0.1072138,0.07102083,0.0684832,0.1125068,0.09945152
49,0.001760884,0.0004168292,0.002659441,0.2239298,0.1175522,0.1943266,0.1135993,0.06491489,0.06033936,0.1208138,0.09968685
50,0.001674336,0.0003986049,0.002568471,0.2125818,0.114382,0.1915815,0.1187269,0.06806424,0.05791627,0.1319475,0.1001585
51,0.001602434,0.0003846025,0.002477771,0.2009188,0.1105777,0.2004499,0.1209018,0.07095452,0.05283358,0.1395901,0.09930871
52,0.001556073,0.0003767702,0.00240865,0.1910085,0.1070373,0.2232489,0.1210274,0.07122593,0.04633918,0.1394828,0.09628858
53,0.001558023,0.0003766539,0.002396451,0.1868343,0.1058247,0.2522013,0.1205859,0.06736934,0.04081854,0.1299166,0.09211821
54,0.001636756,0.0003865754,0.002484777,0.1929293,0.1095888,0.2742361,0.122015,0.05909118,0.03702802,0.1125721,0.08803143
55,0.001801369,0.0004041246,0.002684626,0.2115116,0.1197111,0.2802282,0.1264302,0.04820662,0.03313688,0.09216961,0.08371577
56,0.002012866,0.0004194798,0.002940141,0.2392612,0.1344402,0.2672262,0.1320785,0.03851286,0.02936269,0.07517755,0.07856842
57,0.002057877,0.0004026135,0.002971004,0.2500827,0.1401359,0.2393373,0.1309063,0.03972104,0.03666874,0.0813586,0.07635784
58,0.001869873,0.0003511935,0.002692323,0.2330362,0.1313766,0.21484,0.1226342,0.0506494,0.05202008,0.1097799,0.08075014
59,0.001717026,0.0003177973,0.002488434,0.2178923,0.1246377,0.2063924,0.1197039,0.05664354,0.05625407,0.1260093,0.08794344
60,0.001562092,0.0002935493,0.002292884,0.1989879,0.1163476,0.2181691,0.1175722,0.06120286,0.05533417,0.1369747,0.09126291
61,0.001508299,0.0003040956,0.002228317,0.1901461,0.1087062,0.2458608,0.1174184,0.06130253,0.0513161,0.1290297,0.09217948
62,0.001355927,0.0002979539,0.002021898,0.1667383,0.09721869,0.2946298,0.109353,0.06465501,0.04653215,0.1300153,0.08718181
63,0.001278353,0.0003015153,0.001911301,0.1523378,0.08979543,0.3481197,0.1029351,0.06290916,0.04010383,0.1183984,0.08190945
64,0.001284332,0.0003173576,0.001913039,0.1483844,0.08758018,0.3882587,0.09987278,0.05749382,0.03606154,0.1014107,0.07742316
65,0.001367753,0.0003442926,0.002019397,0.1544805,0.09063434,0.4042403,0.1005332,0.05118218,0.03432275,0.08614171,0.07473358
66,0.001535528,0.000382191,0.002237219,0.1720025,0.09992284,0.3944338,0.1054028,0.04429682,0.03301677,0.07318468,0.07358485
67,0.001752792,0.0004228776,0.002518127,0.1977224,0.113743,0.3622626,0.112592,0.03878631,0.03256567,0.06464312,0.07299117
68,0.001925949,0.0004483906,0.002739319,0.2215275,0.1267112,0.3151585,0.1183262,0.03760754,0.03668891,0.06518189,0.07368447
69,0.001963716,0.000443631,0.002781179,0.2321806,0.1329303,0.266385,0.1199151,0.04154211,0.04692892,0.0774985,0.07743104
70,0.001774819,0.0004013975,0.002534873,0.2148001,0.1246509,0.2285199,0.1153869,0.05417283,0.0623782,0.1095993,0.08578086
71,0.001544518,0.0003642123,0.002252401,0.1878988,0.1118114,0.2201669,0.1120148,0.06684241,0.06401784,0.1392462,0.09384061
72,0.001567966,0.0003785583,0.002309379,0.1902066,0.1154631,0.2296307,0.1186174,0.06118057,0.05529212,0.1278931,0.0974606
73,0.00149598,0.0003729138,0.002221201,0.1780558,0.1098541,0.2528988,0.1179116,0.06198363,0.05231913,0.1284737,0.09441311
74,0.001448598,0.0003686966,0.002152245,0.1685855,0.1057352,0.2805152,0.1154619,0.06137763,0.04842389,0.1247688,0.09116223
75,0.00143484,0.0003698969,0.002124069,0.1629931,0.1033386,0.3096108,0.1131423,0.05868601,0.04476913,0.1160301,0.08750112
76,0.001444737,0.000373971,0.002124865,0.1604879,0.1023238,0.3337917,0.1110413,0.05545791,0.0424796,0.1064581,0.08401604
77,0.001414794,0.0003689943,0.002071338,0.153758,0.09835215,0.3549974,0.1064835,0.05585219,0.04240027,0.1035106,0.08079077
78,0.001484385,0.0003822326,0.002151714,0.1591052,0.1015567,0.3655848,0.1071709,0.05085627,0.04031204,0.09181008,0.07958559
79,0.001662783,0.000411507,0.002371279,0.1782011,0.1129845,0.3609553,0.113021,0.04166705,0.03584155,0.07512908,0.07775488
80,0.001860752,0.0004387842,0.00261577,0.2018948,0.1271662,0.3356617,0.119547,0.03567946,0.03413959,0.06560185,0.07539398
81,0.001685814,0.0003928301,0.002372677,0.1852229,0.1173839,0.3044858,0.1109632,0.04977826,0.053159,0.09655996,0.07799563
82,0.001525934,0.000359302,0.00216851,0.1685778,0.1082417,0.2997506,0.10632,0.05778871,0.05675645,0.1140656,0.08444557
83,0.001393702,0.0003394033,0.002009594,0.1524796,0.09954732,0.3216287,0.1032741,0.06128454,0.05306371,0.1190529,0.08592625
84,0.001390933,0.0003455157,0.002018037,0.1498331,0.09888735,0.3476917,0.1045757,0.05641078,0.0471877,0.1065722,0.08508696
85,0.001396897,0.0003381165,0.00203213,0.1474932,0.09689879,0.368043,0.1044242,0.05398735,0.04508505,0.09768274,0.08261858
86,0.001315535,0.0003168018,0.001923403,0.13548,0.08958742,0.3892331,0.09866464,0.05807244,0.04535072,0.1005247,0.07953139
87,0.001305114,0.0003115401,0.001908853,0.1311128,0.0867707,0.4093836,0.09615722,0.05752294,0.04276288,0.09465905,0.07810537
88,0.001397375,0.0003248925,0.002031442,0.1378154,0.09073572,0.4181955,0.0985786,0.05163778,0.03995359,0.08196981,0.07735987
89,0.001515937,0.0003406916,0.002188253,0.1479187,0.09672587,0.4115233,0.1020205,0.04743296,0.03969108,0.07398096,0.07666186
90,0.00166201,0.0003557056,0.002376649,0.1622881,0.1053998,0.3913883,0.1066911,0.04388155,0.0404084,0.0686889,0.07685942
91,0.001900879,0.00037491,0.002673694,0.1888928,0.1215675,0.3625546,0.1150575,0.03629425,0.03635248,0.05817534,0.07615589
92,0.002105991,0.0003838978,0.002932712,0.2152643,0.1377407,0.3175136,0.1225237,0.033067,0.0374839,0.05569679,0.07528739
93,0.002289762,0.0003780451,0.003148013,0.2444847,0.1555111,0.2698715,0.1291126,0.02960166,0.03790765,0.05353455,0.0741604
94,0.002253355,0.0003421206,0.003085684,0.2530439,0.1611649,0.2168111,0.1293378,0.0340321,0.05208143,0.0700004,0.07784721
95,0.001940853,0.0002801899,0.002681808,0.2285268,0.1477646,0.1725922,0.1227921,0.04697572,0.07588798,0.1108287,0.08972908
96,0.001496875,0.0002225774,0.002138035,0.1798331,0.1209034,0.1599259,0.1157707,0.06690789,0.08374745,0.1659774,0.1030766
97,0.001262316,0.0002238359,0.001880383,0.1454621,0.08898395,0.2310753,0.1110168,0.08428104,0.0634988,0.167103,0.1052124
98,0.001126173,0.0002314851,0.001704591,0.1219463,0.07571776,0.3605214,0.09869193,0.07601482,0.04289192,0.1308658,0.09028793
99,0.001070641,0.0002448496,0.00162358,0.1086448,0.06683385,0.4559401,0.08720374,0.0681174,0.03382139,0.09962802,0.07687162
100,0.001236537,0.0002825243,0.001839944,0.1209792,0.07239798,0.4856249,0.08857599,0.05402966,0.02985831,0.07215951,0.07301547
101,0.001608227,0.0003461144,0.002340398,0.1555259,0.08997164,0.4681133,0.09957664,0.03884094,0.0224129,0.05070448,0.07055937
102,0.00206226,0.0004051283,0.002934618,0.2016237,0.1135252,0.4158669,0.1123543,0.02875058,0.01734328,0.0374704,0.06766368
103,0.002426064,0.0004256571,0.003381175,0.2450307,0.1353337,0.3464739,0.1198893,0.02708261,0.02001854,0.03617503,0.0637633
104,0.002659196,0.0004128032,0.003645662,0.2823327,0.1538101,0.277723,0.1232818,0.02754167,0.02643697,0.03987048,0.06228553
105,0.002698195,0.0003733408,0.003664864,0.3046526,0.1647498,0.2124562,0.1231894,0.03099693,0.03996221,0.05123193,0.06602465
106,0.002378335,0.0003052568,0.003247407,0.2857885,0.155592,0.1548989,0.1173196,0.04313676,0.07146211,0.08505654,0.08081457
107,0.001776123,0.000232966,0.00250565,0.2221638,0.1251633,0.1289752,0.1096948,0.06441665,0.0984144,0.1436299,0.1030271
108,0.001305546,0.00020137,0.001951714,0.1609231,0.09607439,0.1613768,0.1073608,0.08720386,0.08178948,0.1900696,0.1117433
109,0.001125197,0.0001706183,0.001743205,0.1344093,0.1006279,0.2284968,0.1091295,0.07601005,0.05543079,0.1896219,0.1032349
110,0.001042445,0.0001621861,0.001648419,0.1165688,0.09142969,0.3084503,0.10855,0.07063358,0.04171189,0.1675283,0.09227445
111,0.001019608,0.0001598303,0.001605598,0.105963,0.08506139,0.384851,0.1038793,0.06352637,0.03330947,0.1387606,0.0818639
112,0.001066947,0.000164037,0.00164982,0.1037905,0.0836683,0.4359134,0.1012025,0.05581582,0.02967866,0.1121703,0.0748798
113,0.001117788,0.0001678601,0.001694535,0.1027501,0.08238034,0.4630027,0.09791147,0.05285525,0.02984653,0.09800799,0.07026534
114,0.001179397,0.0001721166,0.001755023,0.1036761,0.08228812,0.4725229,0.09574419,0.05217194,0.03160936,0.09022758,0.06865324
115,0.001392883,0.0001855237,0.002018389,0.1199116,0.09358684,0.4660501,0.1027625,0.04323269,0.02900213,0.07261624,0.0692412
116,0.001579668,0.0001942238,0.002251722,0.1346596,0.1038076,0.4363874,0.1084901,0.04136719,0.03243268,0.06890844,0.06992142
117,0.001728161,0.0001927697,0.002427365,0.1480563,0.1132111,0.3978511,0.1129029,0.04181329,0.03819571,0.07123736,0.0723839
118,0.001868918,0.0001874566,0.002595615,0.1626386,0.1238562,0.3550169,0.1184002,0.04170661,0.04324105,0.07416124,0.0763271
119,0.002016245,0.0001802381,0.002776629,0.179773,0.1368182,0.307564,0.1257218,0.04069839,0.04709946,0.07658464,0.0807675
120,0.001930933,0.0001598795,0.002668629,0.1761634,0.1355998,0.2570503,0.1253304,0.04967066,0.06195569,0.1014887,0.08798182
121,0.001668612,0.0001361199,0.002342911,0.154507,0.1275827,0.2254155,0.1205738,0.06158914,0.06987759,0.1406122,0.09569443
122,0.001505731,0.0001270237,0.002160293,0.1386638,0.1184316,0.2230114,0.1215197,0.06867342,0.06473222,0.1599094,0.1012654
123,0.001434503,0.0001278119,0.002090701,0.1291512,0.1139472,0.2458877,0.1240322,0.06832498,0.05569587,0.1583432,0.1009646
124,0.001376281,0.0001311364,0.002022834,0.119599,0.1084685,0.2843274,0.1228382,0.06643727,0.0478941,0.1508958,0.0960095
125,0.001318589,0.0001348891,0.001940345,0.1098107,0.1015835,0.3304353,0.1178695,0.06474321,0.04147147,0.1413872,0.08930521
126,0.001366292,0.0001444392,0.001989853,0.1096242,0.102215,0.3679554,0.1172976,0.05745838,0.03672281,0.1206106,0.08461557
127,0.001501011,0.0001564579,0.002147941,0.1174752,0.1094469,0.3864307,0.1209229,0.04830131,0.03345648,0.0993239,0.08083718
128,0.00166049,0.0001650623,0.002331668,0.1285921,0.1192841,0.3825869,0.1253939,0.04232711,0.03289665,0.0868808,0.07788121
129,0.001792721,0.0001661144,0.002474342,0.1393167,0.1287086,0.3617662,0.1287606,0.04021928,0.03589513,0.0841262,0.07677415
130,0.001886697,0.0001604556,0.002567158,0.14887,0.1372573,0.3325555,0.1314686,0.03989966,0.04069997,0.08674105,0.07789356
131,0.001812394,0.0001444904,0.002456317,0.1455806,0.1351068,0.2994266,0.1283248,0.04646088,0.0520902,0.1063691,0.08222789
132,0.001558093,0.0001235156,0.002138247,0.1259521,0.1194159,0.2787598,0.1195561,0.06036353,0.06143063,0.1416337,0.08906817
133,0.001435367,0.0001350634,0.002006851,0.113685,0.1032075,0.2970704,0.1164493,0.06901523,0.05705359,0.145427,0.09451462
134,0.001324267,0.0001507522,0.001881183,0.1011472,0.09383486,0.3489938,0.1103321,0.06853004,0.04761801,0.1358872,0.09030066
135,0.001260506,0.0001714846,0.00180665,0.09204223,0.08641383,0.4041859,0.103859,0.06571896,0.0402278,0.1206289,0.08368471
136,0.001232097,0.000195046,0.001770734,0.085883,0.08068514,0.4490534,0.09769429,0.06348738,0.03555565,0.1068097,0.07763363
137,0.001286118,0.0002256749,0.001839915,0.0862378,0.08019734,0.4745252,0.09569153,0.05944748,0.03346351,0.09257701,0.07450851
138,0.001483002,0.0002689346,0.002092353,0.09730808,0.08891566,0.4766621,0.1011233,0.05068049,0.03154825,0.07570676,0.07421098
139,0.00179497,0.0003180535,0.002483201,0.117521,0.1052905,0.4567268,0.1112971,0.04124456,0.02843027,0.0611488,0.0737447
140,0.002138049,0.000363235,0.002913505,0.1418795,0.1250902,0.4076475,0.1224559,0.03733598,0.02984331,0.05632339,0.07400958
141,0.002431698,0.0003866852,0.003262987,0.1663127,0.1448166,0.3518797,0.1313434,0.03537783,0.03347557,0.05626592,0.07444701
142,0.002339564,0.0003568171,0.003128411,0.1658959,0.1442867,0.2900121,0.1278654,0.04659498,0.05525408,0.08351678,0.08074937
143,0.001957948,0.0003025092,0.00265711,0.1426829,0.1261163,0.2467628,0.1189237,0.0647371,0.07416409,0.1277402,0.09395527
144,0.001753256,0.0002854738,0.002435971,0.1288489,0.116775,0.2437947,0.1195205,0.07089785,0.06950921,0.1431396,0.1030396
145,0.001728816,0.0003093078,0.002437142,0.1257298,0.1111009,0.2670143,0.1237101,0.06872831,0.06252479,0.131175,0.1055416
146,0.00156057,0.000311075,0.002234627,0.1106971,0.09983863,0.3133881,0.1164154,0.07058373,0.05612897,0.1300573,0.09878455
147,0.001508888,0.0003246435,0.002170116,0.1040939,0.09484249,0.3600789,0.1116345,0.06670894,0.04911828,0.116395,0.0931244
148,0.001536438,0.0003466547,0.002204669,0.1033103,0.09427127,0.3947143,0.1094177,0.06057367,0.04490728,0.1004577,0.08826003
149,0.001612739,0.0003719955,0.002299862,0.1064411,0.09670621,0.4110246,0.1090321,0.05548758,0.04347955,0.0884991,0.08504508
150,0.001692866,0.000393514,0.002398918,0.1105253,0.09980205,0.4120569,0.1089892,0.05315854,0.04485171,0.0826022,0.08352877
151,0.001691669,0.0003979814,0.002393563,0.1097062,0.09867345,0.4075673,0.1061009,0.055762,0.04928013,0.08514047,0.08328624
152,0.001876287,0.0004304043,0.002626786,0.1222187,0.1091034,0.3967311,0.111877,0.04893907,0.04640337,0.07466647,0.08512737
153,0.002051604,0.0004596076,0.00285616,0.1349971,0.1198938,0.3734057,0.1178953,0.0452283,0.04714556,0.07033135,0.0857356
154,0.002053594,0.0004538469,0.002859368,0.1370418,0.1218763,0.3431857,0.1179052,0.04956604,0.05646015,0.08059679,0.08800127
155,0.001769279,0.0004011302,0.002494189,0.1189144,0.1070689,0.3285697,0.1086366,0.06420922,0.06713878,0.1090346,0.09176323
156,0.001558475,0.0003725487,0.002236175,0.1039243,0.09486032,0.3507003,0.1028768,0.07119661,0.06035979,0.1189624,0.09295224
157,0.00144518,0.0003354322,0.002097784,0.09626283,0.106626,0.3802286,0.1030812,0.05853659,0.04742304,0.1171922,0.08677121
158,0.001453788,0.0003313238,0.002127705,0.09573844,0.1076086,0.3834047,0.1090637,0.05619755,0.04474642,0.113974,0.08535371
159,0.001449977,0.0003234281,0.002125614,0.09413475,0.1070668,0.3827443,0.111884,0.05662157,0.04384677,0.1155187,0.08428419
160,0.00145115,0.0003168238,0.002123016,0.09268484,0.1064723,0.3834193,0.1136114,0.0570954,0.04280813,0.116301,0.08371664
161,0.00149913,0.00031824,0.00217946,0.09433447,0.1091027,0.3842404,0.1169776,0.05492562,0.04129556,0.1115268,0.08360008
162,0.001553387,0.0003198644,0.002241034,0.09653759,0.1122598,0.3813514,0.1200613,0.05316637,0.04108081,0.1081448,0.08328371
163,0.001575139,0.0003154346,0.00225698,0.09688072,0.1133458,0.3747745,0.1211493,0.05379638,0.04252111,0.1100713,0.08331328
164,0.001648906,0.000317948,0.002340876,0.1009366,0.1185795,0.3672066,0.12512,0.05128714,0.04227539,0.1060006,0.08428639
165,0.001683431,0.0003138921,0.002373929,0.1028184,0.1215183,0.3563722,0.127236,0.05113916,0.04416086,0.1075561,0.08482768
166,0.001736708,0.0003112062,0.002431142,0.1063634,0.1264403,0.3436154,0.1306977,0.04983041,0.04522661,0.1071656,0.08618147
167,0.00169076,0.0002954108,0.002362902,0.1037232,0.1246518,0.329601,0.1296425,0.05341521,0.04929608,0.1177877,0.08753344
168,0.001725475,0.0002913215,0.002402043,0.1063491,0.1290693,0.3204536,0.1334776,0.05154633,0.04862712,0.1161301,0.08992808
169,0.001647503,0.0002940367,0.002303668,0.09981804,0.1082383,0.3189554,0.1278963,0.06508497,0.05611941,0.1254724,0.09416999
170,0.00148553,0.0002844104,0.002094899,0.08789014,0.09672437,0.3566231,0.1163501,0.06947267,0.05050939,0.1270595,0.09150587
171,0.001392521,0.0002864385,0.001978209,0.07987428,0.08869799,0.405697,0.1080761,0.06802967,0.04330619,0.1162873,0.08637432
172,0.001342009,0.0002941562,0.00191505,0.07441726,0.08270448,0.4490816,0.1012478,0.06574964,0.03830896,0.1041613,0.08077791
173,0.001479796,0.0003279461,0.002094346,0.0803075,0.08835696,0.4681895,0.1042008,0.05618377,0.0348962,0.08469722,0.07926596
174,0.001642882,0.0003627294,0.002307752,0.08809759,0.09575226,0.4638667,0.1081837,0.05108497,0.03563608,0.07489543,0.07816999
175,0.001886419,0.0004014526,0.002616117,0.1015797,0.1089777,0.441427,0.115865,0.04557359,0.03598069,0.06685756,0.07883476
176,0.002169761,0.0004374502,0.002970813,0.1189816,0.1261947,0.4045695,0.1254421,0.04101107,0.03677426,0.06171286,0.07973588
177,0.002384027,0.0004536582,0.003234856,0.1346576,0.1417783,0.3562745,0.13294,0.04028976,0.04220292,0.0641579,0.08162653
178,0.002350479,0.0004279453,0.003184731,0.1375304,0.1449303,0.3043331,0.1328048,0.04705944,0.05750857,0.08264952,0.08722073
179,0.002076537,0.0003746923,0.00284529,0.125211,0.1337769,0.262987,0.1270983,0.05973711,0.0736085,0.1151796,0.09710502
180,0.00189908,0.0003483381,0.002649325,0.1165524,0.1272912,0.2480436,0.1278201,0.06494772,0.07388182,0.1308595,0.1057068
181,0.001706836,0.0003358634,0.002452081,0.1041877,0.1081303,0.2676334,0.1243791,0.07429759,0.07132743,0.1368727,0.1086768
182,0.001501641,0.0003210029,0.002210465,0.08968275,0.09496532,0.3262712,0.1148373,0.07619341,0.05932885,0.1328227,0.1018653
183,0.001458528,0.0003290659,0.002169433,0.08480248,0.09049692,0.3842521,0.1098966,0.06921559,0.04988962,0.1125819,0.09490779
184,0.001355094,0.0003250828,0.002035432,0.07631073,0.08132113,0.437745,0.09972698,0.06869543,0.04453465,0.1023785,0.08557199
185,0.001280992,0.0003233629,0.001934119,0.07003,0.07354328,0.4811975,0.09046573,0.06955101,0.0394616,0.09361365,0.07859876
186,0.0013557,0.0003474016,0.002041129,0.07273,0.07428559,0.5027682,0.0889975,0.06447247,0.03683336,0.0797812,0.07638748
187,0.001561597,0.0003923854,0.002333094,0.08340453,0.08239046,0.5004909,0.09384821,0.05634955,0.03576646,0.06653102,0.0769318
188,0.001908896,0.0004517221,0.002812365,0.1032458,0.09874669,0.4766116,0.1041039,0.0465785,0.03273559,0.05448902,0.07831591
189,0.002304819,0.0005146443,0.003375959,0.1276926,0.1188851,0.4163988,0.1165721,0.04417921,0.03635911,0.05239511,0.08132257
190,0.002436809,0.0005180704,0.003566416,0.139534,0.1278934,0.3554503,0.1202217,0.05015139,0.05080606,0.0637238,0.08569795
191,0.002493823,0.0005067195,0.003656995,0.1483543,0.1349253,0.3022299,0.1238504,0.053976,0.06195016,0.07477732,0.09327904
192,0.002345241,0.0004708218,0.003477037,0.1443968,0.1317416,0.2594653,0.123789,0.06240693,0.07488467,0.09502804,0.1019946
193,0.002016083,0.0004148739,0.003053748,0.1286414,0.1359313,0.2375278,0.1218498,0.06542911,0.07483079,0.1257352,0.1045698
194,0.001929142,0.0004091974,0.002976726,0.1259319,0.1361072,0.2161171,0.1303751,0.06691222,0.07195539,0.1365159,0.1107703
195,0.001825155,0.0004018249,0.002860287,0.1201949,0.1333991,0.2094708,0.1357071,0.06882365,0.06852973,0.1465292,0.1122585
196,0.001684646,0.0003876973,0.002671214,0.1103273,0.1259649,0.2183979,0.1357114,0.07273651,0.06339551,0.1582753,0.1104475
197,0.00157526,0.0003786354,0.002511049,0.1013362,0.1186715,0.2461856,0.1335187,0.07391211,0.05513702,0.1604542,0.1063198
198,0.001618669,0.0003945482,0.00256329,0.1022835,0.1216677,0.2788567,0.1365841,0.06532238,0.04750357,0.14074,0.1024656
199,0.001690247,0.0004106723,0.002647462,0.1053167,0.126497,0.3039706,0.1388538,0.05710713,0.04345592,0.1230439,0.09700665
200,0.001849948,0.0004343948,0.002848182,0.1153204,0.1388322,0.3124331,0.1448381,0.04753513,0.03935818,0.1039118,0.09263862
201,0.001899575,0.0004323067,0.002890894,0.1194261,0.14433,0.3039818,0.1446889,0.04615242,0.04306873,0.1039363,0.08919279
202,0.00177486,0.0003958318,0.002686909,0.1129838,0.1377612,0.2909151,0.1368397,0.05245334,0.05255892,0.1221509,0.0894795
203,0.001569088,0.0003522044,0.002385783,0.1003488,0.1244541,0.2913191,0.1272589,0.06077924,0.05691918,0.1426269,0.0919868
204,0.001469621,0.000335079,0.002247533,0.09352349,0.1181563,0.3118321,0.1241192,0.06105377,0.05282191,0.1413644,0.09307651
205,0.0013655,0.0003253641,0.002094935,0.08465572,0.1046507,0.3478854,0.1178227,0.06424998,0.04946882,0.1367343,0.09074671
206,0.00124047,0.0003111311,0.001907781,0.07411133,0.09288295,0.398316,0.1077747,0.06567155,0.04297328,0.1301173,0.08469351
207,0.001187745,0.0003110442,0.001822313,0.06802643,0.08558176,0.4465319,0.1007875,0.06366225,0.03706678,0.1159162,0.07910603
208,0.00121927,0.0003271042,0.001856168,0.06717373,0.08395802,0.4782423,0.09827898,0.05931369,0.03407657,0.09998972,0.07556433
209,0.00127835,0.0003476094,0.001929717,0.06818823,0.08418497,0.4917188,0.09721413,0.05717321,0.03402181,0.09033113,0.07361206
210,0.001404471,0.000379802,0.002097594,0.0734198,0.08923301,0.4885921,0.1000602,0.05397076,0.03490244,0.08174129,0.07419848
211,0.001667287,0.0004340812,0.002449195,0.08701784,0.1038656,0.4713444,0.1097902,0.04586046,0.0329012,0.06883781,0.07583182
212,0.001992522,0.0004938301,0.002885559,0.1054307,0.1238345,0.432478,0.122149,0.04014584,0.03238919,0.06122404,0.07697684
213,0.002285341,0.0005353763,0.003272093,0.1244609,0.1444518,0.3781888,0.1330346,0.03819606,0.03599358,0.0611965,0.07838486
214,0.002418209,0.0005365777,0.00343891,0.1370799,0.1581326,0.3184504,0.138461,0.04095153,0.0464098,0.07205866,0.08206247
215,0.002350392,0.0005006918,0.003345205,0.1393006,0.161065,0.2603282,0.1388323,0.04771003,0.06195083,0.09445101,0.09016579
216,0.001917274,0.0004118031,0.002778176,0.1173182,0.1384901,0.2169917,0.1284483,0.0663643,0.08047757,0.1452411,0.1015616
217,0.00163215,0.0003551395,0.002441253,0.100408,0.11483,0.2281421,0.1249402,0.07953425,0.07350609,0.1641061,0.1101045
218,0.001410386,0.000320151,0.002164601,0.08491229,0.09968349,0.2946323,0.1178082,0.08060636,0.05623124,0.1584754,0.1037556
219,0.0012708,0.0003012343,0.001974473,0.07362525,0.08752903,0.3822439,0.1079156,0.07534379,0.04215731,0.1358189,0.0918197
220,0.001201287,0.000293607,0.001868105,0.0666888,0.07890515,0.4553078,0.09832162,0.06971504,0.0340666,0.1126085,0.08102354
221,0.001260073,0.0003070155,0.001942342,0.06775312,0.07857375,0.4936278,0.09552047,0.06221545,0.0313524,0.09153101,0.07591669
222,0.001325274,0.0003207886,0.002028342,0.06969801,0.07870565,0.5072247,0.09319343,0.06007507,0.03268765,0.08166002,0.07308105
223,0.00152161,0.0003530637,0.002301813,0.07969137,0.08739912,0.4991721,0.09815882,0.05375617,0.03315993,0.07007629,0.0744096
224,0.001856932,0.0003974561,0.002763741,0.09871869,0.1052578,0.4761312,0.1092075,0.04366991,0.02971288,0.05672483,0.07555906
225,0.002082828,0.0004224745,0.003094451,0.1132797,0.1184364,0.4185315,0.1165587,0.04683872,0.03963534,0.06226284,0.07885699
226,0.00209696,0.0004051435,0.003118158,0.1176098,0.1217567,0.3715681,0.1167276,0.05342745,0.05315372,0.07592428,0.08421209
227,0.002042724,0.0003838298,0.003059847,0.118087,0.1220016,0.3358166,0.1172007,0.05859798,0.06220413,0.08903798,0.09156772
228,0.001874655,0.0003556079,0.002849713,0.1107065,0.1151324,0.3158437,0.1152107,0.06629426,0.06796232,0.1063037,0.09746623
229,0.001617491,0.000340038,0.002485032,0.09489109,0.09791613,0.3295304,0.1079725,0.07856267,0.06393986,0.1242788,0.098466
230,0.001532916,0.0003513595,0.002361574,0.0884634,0.09136822,0.3671955,0.1050422,0.07767072,0.0528641,0.1174403,0.09570958
231,0.001527489,0.0003730285,0.002345723,0.08645012,0.08846463,0.4033843,0.1031478,0.07290147,0.04595857,0.1044785,0.09096847
232,0.001522116,0.0003897671,0.002325251,0.08470871,0.08506429,0.4299954,0.0994821,0.0714091,0.04242707,0.09662492,0.08605131
233,0.00163085,0.0004233035,0.002465614,0.0901138,0.08810253,0.4371848,0.1005668,0.06701953,0.04096959,0.08657794,0.08494526
234,0.001768568,0.0004590532,0.002649223,0.09788292,0.09290749,0.4297413,0.1028877,0.06409685,0.04210718,0.08046374,0.08503597
235,0.002102354,0.0005215142,0.003093787,0.1181983,0.1089824,0.4056121,0.1128518,0.05411991,0.03921217,0.06801425,0.0872914
236,0.002638483,0.0006137003,0.00381961,0.1525176,0.1368894,0.3539513,0.1299645,0.04296441,0.033145,0.05500764,0.08848821
237,0.003118178,0.0006728955,0.004447892,0.1877986,0.1651721,0.2818218,0.1437483,0.03895399,0.03462018,0.05226021,0.08738589
238,0.003476328,0.0006892167,0.004893868,0.2210596,0.191618,0.2047031,0.153394,0.03772339,0.04021159,0.05504254,0.08718833
239,0.003310792,0.0006140777,0.004638634,0.2237589,0.193184,0.1385856,0.1491757,0.04753083,0.06546237,0.08037351,0.09336561
240,0.003075765,0.0005400772,0.004316463,0.2213278,0.1919656,0.09973818,0.1473204,0.05070434,0.07902985,0.09779229,0.1041893
241,0.002875878,0.0004897404,0.004072377,0.2171823,0.171698,0.07369037,0.1485434,0.05772641,0.09520745,0.10933,0.1191841
242,0.002026792,0.0003735174,0.002967342,0.1566833,0.1284632,0.07454245,0.1300783,0.0885869,0.1112255,0.176161,0.1288917
243,0.001663925,0.0003544283,0.002524123,0.1268884,0.1074719,0.1306985,0.1259245,0.1014425,0.08037553,0.1951504,0.1275058
244,0.001594078,0.0003683656,0.002431235,0.118664,0.1015806,0.2415731,0.1217452,0.08464675,0.05845162,0.1537447,0.1152003
245,0.001500315,0.000368049,0.002286054,0.1085987,0.09224124,0.3502925,0.1095133,0.07173698,0.04742329,0.1184966,0.09754296
246,0.001409518,0.0003585143,0.002136359,0.1000693,0.08280288,0.4248025,0.09606837,0.06685673,0.04342856,0.09731019,0.08475707
247,0.001626697,0.0003923375,0.002404998,0.1157202,0.09274883,0.4446926,0.09898881,0.05205925,0.03704045,0.0719164,0.08240954
248,0.002040297,0.0004627342,0.002967396,0.147112,0.1140182,0.4123892,0.110611,0.04106831,0.0315669,0.05586438,0.08189939
249,0.002382571,0.000504457,0.003419715,0.1765239,0.1337352,0.3515461,0.1189496,0.03980325,0.03678584,0.05469655,0.08165289
250,0.002408267,0.0004839645,0.003438677,0.1849157,0.1386658,0.2956933,0.1176255,0.04724031,0.05467119,0.06946892,0.08538838
251,0.002155162,0.0004285072,0.003098904,0.1712699,0.1286038,0.2620698,0.1109914,0.05904339,0.07355066,0.09493206,0.0938564
252,0.001918231,0.0003928888,0.002802534,0.1560837,0.1180165,0.2562596,0.1076591,0.06645154,0.07779393,0.1116952,0.1009269
253,0.001583767,0.0003333487,0.002364492,0.1304557,0.1203173,0.2737931,0.103248,0.06514984,0.0678855,0.1379346,0.09693442
254,0.001400865,0.0003127709,0.00213431,0.1140154,0.1075934,0.2984804,0.1031442,0.0699807,0.058571,0.1493048,0.09506198
255,0.001361381,0.0003166427,0.002085068,0.1081813,0.1031408,0.3367763,0.1044116,0.06658264,0.04860879,0.1371092,0.09142605
256,0.001408085,0.0003331256,0.002144231,0.1090102,0.1038239,0.3674268,0.1065999,0.06015147,0.042802,0.1189631,0.08733731
257,0.001409099,0.00033852,0.002130267,0.1062726,0.100472,0.3891266,0.1042157,0.05953033,0.04129139,0.1125011,0.08271233
258,0.001556684,0.0003651362,0.002314265,0.1158376,0.1079647,0.3921366,0.1086678,0.05296786,0.03887482,0.09719033,0.08212413
259,0.001784764,0.0003994507,0.002603051,0.1327589,0.1218071,0.378332,0.1164507,0.04527791,0.03649428,0.08282934,0.08126249
260,0.00205562,0.0004311167,0.002941426,0.1551204,0.1403477,0.3450598,0.1255976,0.03932543,0.03536716,0.07347883,0.08027501
261,0.002173877,0.0004302922,0.003073735,0.1680795,0.1509775,0.3004906,0.1287862,0.04090621,0.04322735,0.08088618,0.08096856
262,0.00222377,0.0004137724,0.003113382,0.1777976,0.1593014,0.2599456,0.1308316,0.04210222,0.05044372,0.08959839,0.08422849
263,0.001821495,0.0003384995,0.002573482,0.1492035,0.1355042,0.2316724,0.1178565,0.06065001,0.06968258,0.1396346,0.09106264
264,0.001645967,0.0003135066,0.00236024,0.1360051,0.1257441,0.2397204,0.1166882,0.06491477,0.06399372,0.1507666,0.09784733
265,0.001454335,0.0002931968,0.002124402,0.1186633,0.1081646,0.2860665,0.1116309,0.06936957,0.05606736,0.1506565,0.09550937
266,0.001377174,0.0002891184,0.002025219,0.1099334,0.1008164,0.3466829,0.1072374,0.06425297,0.04665587,0.1311123,0.08961722
267,0.001246419,0.0002771526,0.001845238,0.09626327,0.0879965,0.4112183,0.09706575,0.06420644,0.04012618,0.1193355,0.08041932
268,0.001208331,0.0002788431,0.001785991,0.09037306,0.08116198,0.4601008,0.09052822,0.06171623,0.03529757,0.1030746,0.07447426
269,0.001226444,0.0002900768,0.00180522,0.08923037,0.07790262,0.4896032,0.0868462,0.05935048,0.03323248,0.08970748,0.07080544
270,0.001441161,0.0003290317,0.002086278,0.1039708,0.08777027,0.4905485,0.09308853,0.04898227,0.0302328,0.07036903,0.07118142
271,0.001754953,0.0003771448,0.002496916,0.1275579,0.1043455,0.463389,0.103188,0.0405065,0.02785303,0.05726748,0.07126343
272,0.00208882,0.0004184649,0.002933398,0.1552556,0.1239737,0.4074986,0.1138461,0.03757238,0.03030434,0.05384816,0.07226057
273,0.002157734,0.0004085564,0.003013367,0.1655338,0.1305255,0.3499974,0.1151112,0.04428573,0.04492666,0.06821153,0.07582849
274,0.002104873,0.0003823755,0.002942769,0.1672279,0.1314023,0.3043605,0.114864,0.05059492,0.05747708,0.08509053,0.08355283
275,0.001979583,0.0003555722,0.00279539,0.1619622,0.1279975,0.2726693,0.115088,0.05684789,0.0656424,0.1027942,0.09186774
276,0.001786524,0.0003293464,0.002567531,0.1485596,0.1190744,0.2605118,0.1139894,0.06466495,0.06855537,0.1221477,0.09781333
277,0.00177245,0.0003359545,0.002567218,0.1475325,0.1137244,0.2644637,0.117374,0.0660028,0.06523622,0.1185369,0.1024539
278,0.001521868,0.0003126637,0.002240219,0.1247022,0.09708074,0.3073282,0.107363,0.07474355,0.05854432,0.1295684,0.09659498
279,0.001524151,0.0003246884,0.002243196,0.1228131,0.09522966,0.3474587,0.1057636,0.0690104,0.04970945,0.11264,0.09328312
280,0.00144757,0.0003248744,0.002136958,0.114228,0.0874432,0.3928086,0.09861401,0.06835125,0.04482434,0.1040296,0.08579156
281,0.001428542,0.0003307694,0.002103836,0.1109969,0.0829128,0.4254569,0.09322558,0.06706195,0.0412145,0.09427492,0.08099339
282,0.001562269,0.000358365,0.00227823,0.1208434,0.08740427,0.4350547,0.09478423,0.05967797,0.03891145,0.07925026,0.07987492
283,0.001762825,0.0003921309,0.002543239,0.1372059,0.09598955,0.4236752,0.0990604,0.05299011,0.03851647,0.06830007,0.07956418
284,0.001988523,0.0004225581,0.002840032,0.157386,0.1069455,0.3926056,0.1044371,0.04918945,0.04063811,0.0630646,0.08048254
285,0.002243404,0.0004472084,0.003168616,0.1824401,0.1211338,0.3500797,0.111159,0.0453622,0.04250945,0.059418,0.08203845
286,0.002344811,0.0004456287,0.003301377,0.1969676,0.1289036,0.3020179,0.1141446,0.04811681,0.05197676,0.06654242,0.08523857
287,0.002094605,0.0003966896,0.002973782,0.1813374,0.1184101,0.2706418,0.10806,0.06226264,0.06871148,0.09356424,0.09154721
288,0.001880981,0.0003676376,0.002710586,0.1661227,0.1087506,0.2675877,0.105364,0.0707169,0.0691378,0.1098954,0.09746592
289,0.001712569,0.0003627455,0.002498904,0.1524975,0.113384,0.2832387,0.1056672,0.06630447,0.05947041,0.1194225,0.09544098
290,0.00166374,0.0003797054,0.002447636,0.1477061,0.1110224,0.2950869,0.1093034,0.06495046,0.05414447,0.1188754,0.09441976
291,0.00168331,0.000403256,0.00247499,0.1485549,0.1123018,0.3062296,0.1128763,0.06105833,0.04971486,0.1120638,0.09263891
292,0.001671669,0.0004163746,0.002451231,0.1463013,0.1110075,0.3163133,0.1131535,0.06023875,0.04808604,0.1104472,0.08991322
293,0.001632731,0.0004201292,0.002385234,0.1415389,0.1076017,0.3270904,0.1111186,0.06155904,0.04703323,0.111902,0.08771811
294,0.001647065,0.0004322295,0.002390545,0.1415982,0.1075035,0.3365425,0.1110356,0.05989727,0.04496636,0.1074659,0.08652081
295,0.001837373,0.0004748664,0.002625045,0.1582611,0.1193421,0.332693,0.1183964,0.05012022,0.04012131,0.09007894,0.08604962
296,0.00197877,0.0005041177,0.002796663,0.1717113,0.12888,0.3124666,0.1232647,0.04670851,0.04137328,0.08569996,0.08461606
297,0.002069369,0.0005149505,0.00289245,0.1825976,0.1367386,0.2838012,0.1262046,0.04626206,0.04553374,0.08836858,0.08501675
298,0.001967419,0.0004863429,0.002742913,0.17663,0.1329907,0.2578403,0.1228592,0.05353565,0.05525885,0.1077339,0.08795467
299,0.001760157,0.0004433663,0.002471252,0.1594378,0.1216652,0.2497215,0.1173211,0.06368702,0.05938802,0.1318756,0.0922289
300,0.001615031,0.0004205336,0.002290076,0.1457124,0.1128846,0.2676802,0.1145473,0.06779975,0.05389772,0.1396042,0.09354829
301,0.001479441,0.0004336602,0.002135302,0.1312647,0.08558296,0.3411989,0.1031331,0.07807908,0.0452894,0.1219832,0.08942023
302,0.001426992,0.0004480924,0.002071875,0.1251937,0.07917485,0.4092675,0.09308556,0.07176456,0.03754643,0.09854073,0.08147969
303,0.001424728,0.0004699055,0.002080991,0.1245947,0.07533847,0.4490275,0.08625114,0.06742677,0.03502255,0.08285085,0.07551229
304,0.001585257,0.0005301164,0.002311529,0.1400097,0.08051322,0.4494252,0.08733301,0.05996767,0.03467897,0.06868905,0.07495642
305,0.00181096,0.0006060097,0.002636483,0.1631487,0.08940167,0.4228781,0.09141096,0.05481439,0.03661753,0.0604778,0.07619753
306,0.002098286,0.0006927698,0.003043308,0.1945727,0.1024094,0.3767864,0.09786381,0.05012904,0.03866069,0.05510826,0.07863545
307,0.00251607,0.0008052834,0.003619085,0.2423953,0.1235458,0.3174374,0.1081134,0.04105685,0.03457232,0.04621315,0.07972529
308,0.002705425,0.000852654,0.00390011,0.2723705,0.1358588,0.2466434,0.1129216,0.04396407,0.04576767,0.0531919,0.08182391
309,0.002861974,0.000877669,0.004116437,0.303407,0.149347,0.1882742,0.1172619,0.04226418,0.05084792,0.0560329,0.08470888
310,0.002916381,0.0008761226,0.004204289,0.326767,0.1599578,0.1368122,0.1210733,0.0413672,0.05698919,0.06098979,0.08804672
311,0.002749991,0.0008198422,0.003997704,0.325613,0.1601074,0.09730096,0.121464,0.04569581,0.07088693,0.07681368,0.09455062
312,0.002372962,0.0007179096,0.003507253,0.2946247,0.1473658,0.07754182,0.1190844,0.05574849,0.08714008,0.1071291,0.1047675
313,0.00184841,0.0005892986,0.002821828,0.2339203,0.111597,0.08934009,0.1136501,0.08284231,0.09303695,0.154056,0.1162978
314,0.001644927,0.0005504618,0.002562334,0.2075666,0.1001371,0.1556789,0.1116391,0.08464246,0.07078102,0.1515565,0.1132406
315,0.001509896,0.0005207516,0.002366795,0.1880268,0.09013297,0.2614457,0.1035537,0.07488476,0.05407396,0.1235281,0.09995648
316,0.001390028,0.000487501,0.002178013,0.1709131,0.07972038,0.3565451,0.09133472,0.06807196,0.04497132,0.09860968,0.08577813
317,0.001527453,0.0005191286,0.002352946,0.18811,0.08462258,0.3851867,0.09058136,0.05434029,0.03908994,0.07273732,0.08093236
318,0.001764363,0.0005753342,0.002675332,0.2200806,0.09538849,0.372968,0.09380893,0.0437336,0.03490571,0.05654008,0.07755955
319,0.002096643,0.0006503928,0.003135439,0.268128,0.1127555,0.3213392,0.100596,0.03639663,0.03231966,0.04686303,0.07571934
320,0.002312238,0.0006876986,0.00343396,0.3060595,0.1262964,0.259376,0.1042085,0.03607621,0.03874861,0.04780737,0.07499355
