"<HEADER software/>"
EwEVersion,"6.7.0.17868 (compiled 5/31/2022)"
Date,"7/27/2023 3:33:22 PM"
"<HEADER ecopath/>"
ModelName,1
"<HEADER ecosim/>"
EcosimScenario,"Gulfwide_EwE_mvl_try3 DC adjustments"
TimeSeries,TS_updated_IB13
StartYear,1980
"<HEADER end/>"

Data,"Prey of White shrimp"

timestep\group,"Sessile epifauna","Mobile epifauna",Infauna,Algae,Phytoplankton,Detritus,
1,0.01566746,0.005739198,0.02505903,0.1760878,0.1418304,0.6356161
2,0.01449406,0.005278436,0.02316333,0.1886793,0.1540512,0.6143335
3,0.01288214,0.004670008,0.02101553,0.2061867,0.1753465,0.5798991
4,0.01360749,0.004857143,0.02144548,0.2014719,0.1730927,0.5855253
5,0.01561771,0.005437152,0.02302702,0.1881935,0.1630152,0.6047094
6,0.01912402,0.006437705,0.02560391,0.1691193,0.1433158,0.6363993
7,0.02327319,0.007543672,0.02814326,0.1552397,0.1261316,0.6596686
8,0.02578101,0.008061961,0.02881803,0.1540872,0.1214692,0.6617825
9,0.02838009,0.008574239,0.02948587,0.1485483,0.1125046,0.6725069
10,0.03035136,0.008886574,0.02985088,0.1444202,0.1056786,0.6808124
11,0.02868875,0.008205657,0.02791894,0.1511209,0.1110603,0.6730055
12,0.03331333,0.009238891,0.0303761,0.129971,0.08703087,0.7100698
13,0.02919889,0.00798968,0.0276721,0.1519672,0.0951905,0.6879816
14,0.02116524,0.00580924,0.02256267,0.1783427,0.1188516,0.6532686
15,0.01869784,0.005179727,0.02222392,0.1737054,0.1175065,0.6626865
16,0.01553481,0.004419065,0.02152103,0.1871519,0.1339527,0.6374204
17,0.01300578,0.003822847,0.02089644,0.204054,0.1573758,0.6008451
18,0.01326278,0.003982004,0.02252391,0.198607,0.1606473,0.600977
19,0.01497649,0.004548414,0.02515046,0.1865196,0.1528671,0.6159379
20,0.01819142,0.005521109,0.02865187,0.1695253,0.1353592,0.6427512
21,0.0221719,0.006672621,0.03205986,0.1565702,0.1189572,0.6635683
22,0.02241535,0.006711756,0.03076148,0.1699209,0.1231223,0.6470681
23,0.02325531,0.006905202,0.03029622,0.1678595,0.1153169,0.6563669
24,0.02028053,0.006037637,0.0266729,0.1851212,0.1259941,0.6358936
25,0.01651049,0.005003704,0.02357549,0.2126292,0.1143112,0.6279699
26,0.01496733,0.004644036,0.02320448,0.2133968,0.1175488,0.6262386
27,0.01419812,0.004521784,0.02359873,0.21315,0.1203537,0.6241777
28,0.01483808,0.004818515,0.02532029,0.2023937,0.11507,0.6375594
29,0.01463221,0.004852438,0.02568583,0.2062155,0.1195497,0.6290643
30,0.01531114,0.005146211,0.02682518,0.1991853,0.1153888,0.6381433
31,0.01716003,0.005797407,0.02920754,0.1845959,0.105231,0.6580081
32,0.01889778,0.006387327,0.03104048,0.177161,0.09900648,0.6675069
33,0.02116103,0.007099935,0.03306884,0.1679454,0.09046385,0.6802609
34,0.0221776,0.007375455,0.03335892,0.1687451,0.08848133,0.6798617
35,0.01656497,0.00554871,0.0262384,0.211202,0.1141161,0.6263297
36,0.01319342,0.00450891,0.02300719,0.2237365,0.1225437,0.6130103
37,0.01225099,0.004267244,0.02269028,0.2137947,0.1492094,0.5977874
38,0.01220354,0.004324089,0.02311197,0.2136465,0.1502032,0.5965107
39,0.01220836,0.004391486,0.02316556,0.2189593,0.1563639,0.5849115
40,0.01236781,0.004489638,0.02296277,0.2239797,0.1631743,0.5730258
41,0.01298857,0.004717042,0.02304719,0.2234505,0.1669949,0.5688017
42,0.01538922,0.005516947,0.02508301,0.2040388,0.1526076,0.5973644
43,0.0198695,0.006951097,0.02894986,0.1768468,0.1276973,0.6396855
44,0.02605932,0.008826776,0.03359388,0.1545672,0.1042366,0.6727163
45,0.03201355,0.01046747,0.03684327,0.1477123,0.09195697,0.6810064
46,0.02980255,0.009467548,0.03246066,0.1712554,0.1075907,0.6494231
47,0.01928836,0.006076725,0.02273962,0.2093658,0.1461405,0.5963889
48,0.0169498,0.005324532,0.02167783,0.1984803,0.1415502,0.6160175
49,0.01601281,0.005091997,0.02267585,0.2017551,0.1185988,0.6358654
50,0.01491596,0.004827964,0.02325447,0.2051224,0.1275393,0.6243399
51,0.01403915,0.004626271,0.02358223,0.2091604,0.1359238,0.6126681
52,0.01369413,0.004587848,0.02422132,0.2106507,0.1421084,0.6047376
53,0.01413925,0.004792847,0.02547407,0.2064724,0.1424075,0.606714
54,0.01572359,0.005350807,0.02775868,0.1941485,0.1336345,0.6233839
55,0.0188075,0.006362399,0.03138193,0.1756742,0.1171772,0.6505967
56,0.02320304,0.007733713,0.03575499,0.1588111,0.09993108,0.6745661
57,0.02410942,0.007927487,0.03522865,0.1694082,0.1027368,0.6605895
58,0.01996471,0.006526003,0.02932805,0.1981594,0.1186102,0.6274116
59,0.01698549,0.005570815,0.02604812,0.2052282,0.1208272,0.6253402
60,0.01482266,0.004930854,0.0244476,0.2113984,0.1247625,0.619638
61,0.01437569,0.004850886,0.02478048,0.2030595,0.1295873,0.6233463
62,0.01306084,0.004503393,0.02391102,0.2149238,0.1394165,0.6041844
63,0.01277112,0.004488355,0.02408892,0.2167303,0.1411896,0.6007317
64,0.01349445,0.004809886,0.02535399,0.2096038,0.1361823,0.6105555
65,0.01502825,0.005393534,0.02730087,0.1975212,0.1267003,0.6280559
66,0.01757758,0.006294589,0.0300683,0.1813397,0.112811,0.6519089
67,0.02077268,0.007368003,0.03301995,0.167794,0.09970678,0.6713386
68,0.02285949,0.008009143,0.03408411,0.1658973,0.09474539,0.6744045
69,0.02211338,0.007666312,0.03188123,0.1760095,0.09930655,0.663023
70,0.01749929,0.006076367,0.02624066,0.2006842,0.1166016,0.6328979
71,0.01354995,0.004784187,0.02254869,0.2171392,0.1310206,0.6109574
72,0.0137991,0.004930852,0.0240218,0.1992115,0.1204656,0.6375711
73,0.01326595,0.004831848,0.02452285,0.2014715,0.1276458,0.6282621
74,0.01300816,0.004813954,0.02486948,0.2026709,0.1305079,0.6241295
75,0.01322104,0.004958317,0.02561849,0.2002523,0.129914,0.6260358
76,0.01370824,0.005193889,0.02647622,0.1968114,0.1275734,0.6302369
77,0.0135608,0.005193055,0.02621572,0.2016477,0.1308815,0.6225012
78,0.01462543,0.005622425,0.02750006,0.1913904,0.1217069,0.6391548
79,0.01744787,0.006668279,0.0308904,0.1707327,0.1039708,0.6702899
80,0.02065895,0.007807699,0.03414711,0.1583083,0.09146693,0.687611
81,0.01676926,0.006344885,0.02804338,0.1989247,0.116728,0.6331897
82,0.0138404,0.005283771,0.02436665,0.2100053,0.1242363,0.6222675
83,0.01226022,0.004763408,0.02317981,0.2143325,0.1290183,0.6164458
84,0.0125516,0.004946752,0.02445426,0.202813,0.122166,0.6330684
85,0.01292075,0.005161041,0.02553579,0.197428,0.1222831,0.6366713
86,0.01204202,0.004892495,0.02448038,0.2100648,0.1322233,0.616297
87,0.01197033,0.00492917,0.02450616,0.2092858,0.1322825,0.617026
88,0.01316589,0.00545645,0.02628859,0.1951244,0.1222054,0.6377593
89,0.01456328,0.006047476,0.02803857,0.1851022,0.1144232,0.6518252
90,0.01616891,0.006689241,0.02967252,0.1761781,0.1060331,0.6652582
91,0.01950227,0.007953395,0.03316019,0.157341,0.08896926,0.6930739
92,0.02234959,0.008963719,0.03550996,0.1513784,0.08113462,0.7006637
93,0.02548863,0.009984509,0.03757471,0.1454934,0.0729451,0.7085136
94,0.0239537,0.009200261,0.03417703,0.1622325,0.08093138,0.6895052
95,0.01764726,0.00673456,0.0264693,0.1919374,0.09909632,0.6581151
96,0.01139717,0.004447919,0.02048135,0.2237294,0.1200037,0.6199404
97,0.009176555,0.003683682,0.01955017,0.2212843,0.1630486,0.5832567
98,0.009182748,0.00376452,0.02074521,0.2194341,0.1668423,0.580031
99,0.009802983,0.004071556,0.02196427,0.218533,0.1704968,0.5751314
100,0.01242931,0.00512953,0.02540298,0.1924865,0.1485819,0.6159697
101,0.01790342,0.007234982,0.03199802,0.1564915,0.1169835,0.6693885
102,0.02518793,0.009912455,0.03918075,0.1300784,0.08975049,0.7058899
103,0.03145749,0.01200031,0.04296515,0.1331347,0.08236212,0.6980802
104,0.03548646,0.01308263,0.04325466,0.1423195,0.08087304,0.6849837
105,0.03454488,0.01232394,0.03899278,0.1561292,0.08525389,0.6727554
106,0.02522125,0.008815839,0.02890178,0.1804692,0.1018563,0.6547357
107,0.01471836,0.005200394,0.02028636,0.2054095,0.1247287,0.6296567
108,0.009406603,0.003479159,0.01751832,0.2287863,0.1518145,0.5889952
109,0.008358423,0.003268141,0.01894389,0.2422322,0.1232939,0.6039034
110,0.008231247,0.003405741,0.02139664,0.2367786,0.1317531,0.5984347
111,0.008615089,0.003718988,0.02357581,0.2305869,0.1343969,0.5991064
112,0.009530943,0.00423532,0.02594188,0.219615,0.1303071,0.6103697
113,0.01017396,0.004623438,0.02706286,0.2173193,0.1299273,0.6108931
114,0.01059148,0.004894586,0.02730378,0.2166128,0.1294352,0.6111621
115,0.01286146,0.005942862,0.03076777,0.1906484,0.1099609,0.6498186
116,0.01440776,0.006649425,0.03240274,0.1847257,0.1037625,0.6580519
117,0.0152108,0.0069793,0.03237893,0.1843333,0.1006531,0.6604446
118,0.01583742,0.007206276,0.0321844,0.1806715,0.09587097,0.6682295
119,0.01658241,0.007466474,0.03237174,0.1744083,0.08969076,0.6794804
120,0.01428474,0.006430448,0.02836909,0.1928799,0.1009639,0.657072
121,0.01085084,0.004962239,0.02363745,0.2198559,0.1100791,0.6306144
122,0.009105165,0.004279648,0.02227428,0.2257929,0.1174811,0.6210669
123,0.00859802,0.004164285,0.02304978,0.2217596,0.1198435,0.6225848
124,0.008414621,0.004199032,0.02412529,0.2203047,0.123998,0.6189582
125,0.008295633,0.004254607,0.02485641,0.222372,0.1292547,0.6109667
126,0.009008603,0.004700397,0.02690743,0.2106777,0.1229283,0.6257776
127,0.01049431,0.005511815,0.03015425,0.192865,0.1107013,0.6502733
128,0.01213053,0.006364588,0.03301976,0.1817856,0.1010733,0.6656262
129,0.01327056,0.006921226,0.03423743,0.1799383,0.09627862,0.669354
130,0.01382142,0.007144625,0.03407216,0.1811579,0.09330413,0.6704997
131,0.01231341,0.006351609,0.03029825,0.1985647,0.1010481,0.651424
132,0.009317821,0.004880038,0.02468953,0.2265426,0.1166506,0.6179195
133,0.008069667,0.004322739,0.02307394,0.2236381,0.1325208,0.6083747
134,0.007580998,0.004170321,0.02308377,0.2242055,0.1363557,0.6046036
135,0.007526717,0.004244604,0.023708,0.223552,0.1397259,0.6012428
136,0.007629871,0.004392736,0.02422765,0.2241072,0.1434867,0.5961558
137,0.008183277,0.004770207,0.02534751,0.2170597,0.1406229,0.6040164
138,0.009784861,0.00570133,0.02838501,0.1951288,0.1246491,0.6363509
139,0.01245793,0.007170617,0.03293415,0.1710615,0.1044391,0.6719367
140,0.01509915,0.008540775,0.03637851,0.1611821,0.09291855,0.6858809
141,0.01738886,0.009612509,0.03833418,0.1582526,0.0858246,0.6905873
142,0.01489867,0.008111341,0.03205509,0.187605,0.1036508,0.6536791
143,0.01037858,0.005667408,0.02414721,0.2151089,0.1248249,0.619873
144,0.008596336,0.004763936,0.02225908,0.2145937,0.1276795,0.6221074
145,0.008547446,0.004799759,0.02347661,0.1975639,0.1316186,0.6339936
146,0.007922987,0.004536094,0.02325922,0.2055642,0.1423436,0.616374
147,0.00801987,0.004654221,0.02400892,0.2027608,0.1419941,0.6185621
148,0.008613595,0.005040035,0.025466,0.1948473,0.1367544,0.6292787
149,0.009414116,0.005524066,0.02691887,0.1872401,0.1303256,0.6405771
150,0.0100517,0.005896561,0.02766901,0.18391,0.1262356,0.6462372
151,0.009882013,0.005804871,0.02667877,0.1902511,0.1301964,0.6371868
152,0.01119956,0.006526208,0.0286178,0.1729267,0.1137893,0.6669405
153,0.01244116,0.007185812,0.0303295,0.1642279,0.1049316,0.680884
154,0.01197487,0.006881149,0.02875961,0.1740269,0.1110069,0.6673505
155,0.009338432,0.005408967,0.02381483,0.2019534,0.1348114,0.624673
156,0.007907713,0.004647263,0.02185161,0.2116022,0.1464229,0.6075684
157,0.007717595,0.004639167,0.02306933,0.2197223,0.1087786,0.6360731
158,0.007852429,0.004829741,0.02497067,0.2140992,0.1097953,0.6384527
159,0.007762624,0.004869698,0.02575484,0.2156563,0.113267,0.6326896
160,0.00765951,0.004890782,0.02620876,0.2168619,0.1156097,0.6287693
161,0.007888679,0.005104679,0.02730667,0.2112967,0.1128424,0.6355609
162,0.008149182,0.005329547,0.02829129,0.2074668,0.1106078,0.6401554
163,0.008118,0.005362529,0.02833771,0.2096082,0.1116818,0.6368918
164,0.008457586,0.005616575,0.02926555,0.2027894,0.1064786,0.6473923
165,0.008522247,0.005691661,0.02943916,0.2030555,0.1056551,0.6476363
166,0.008703658,0.00582951,0.02985449,0.1995626,0.1020469,0.6540028
167,0.008170215,0.005513771,0.02850606,0.2089404,0.1065259,0.6423437
168,0.008240632,0.005585935,0.02887136,0.2025758,0.1013084,0.6534178
169,0.007375209,0.005059853,0.02637883,0.208047,0.1334641,0.619675
170,0.006588035,0.004588614,0.02434527,0.2188874,0.1407651,0.6048256
171,0.006385616,0.004518774,0.02411892,0.2205357,0.1432019,0.601239
172,0.006411518,0.004601292,0.02435033,0.2212197,0.1456243,0.5977929
173,0.007444767,0.005352648,0.02696486,0.201132,0.1305134,0.6285923
174,0.008498646,0.006094656,0.02913263,0.190067,0.121427,0.6447801
175,0.009972813,0.007072648,0.03175377,0.1762503,0.108037,0.6669134
176,0.0117056,0.00816317,0.03445001,0.1649505,0.09571969,0.6850111
177,0.01279333,0.008756317,0.03525658,0.1639391,0.09096983,0.6882848
178,0.01171706,0.00790805,0.03158392,0.1795633,0.09964299,0.6695847
179,0.009132307,0.006155585,0.02587677,0.2003855,0.114631,0.6438187
180,0.007794154,0.005295771,0.02386048,0.2016047,0.1169126,0.6445323
181,0.006820877,0.004701644,0.0227302,0.200912,0.1412873,0.623548
182,0.006206998,0.004351892,0.02218647,0.208101,0.1512672,0.6078863
183,0.006478617,0.004590808,0.02343635,0.2010027,0.1478526,0.6166388
184,0.006394371,0.004578638,0.02332691,0.2087456,0.1578642,0.5990903
185,0.006308799,0.004539085,0.02274987,0.2170675,0.1681315,0.5812032
186,0.006968427,0.004981981,0.02380297,0.2079873,0.16227,0.5939893
187,0.008371321,0.005885858,0.02629436,0.188878,0.1459448,0.6246256
188,0.01076018,0.007367482,0.0302863,0.165056,0.1215157,0.6650143
189,0.01295524,0.008615553,0.03301466,0.1566714,0.1091392,0.6796039
190,0.01296424,0.008409025,0.03118042,0.1680479,0.1155508,0.6638478
191,0.01250496,0.007935242,0.02914148,0.1699232,0.1161973,0.6642979
192,0.01082753,0.006790058,0.02591112,0.1787552,0.1260965,0.6516196
193,0.008837326,0.005573404,0.02336669,0.2011197,0.113996,0.6471069
194,0.008188684,0.005216269,0.02366491,0.1969751,0.1145911,0.6513639
195,0.007648211,0.00494778,0.02410508,0.1982801,0.119025,0.6459938
196,0.006989524,0.004613118,0.02400012,0.2060111,0.1282609,0.6301251
197,0.006595106,0.004443638,0.02425667,0.2106308,0.1352904,0.6187835
198,0.007123373,0.00485665,0.02655293,0.1976472,0.1273617,0.6364583
199,0.007920327,0.005434053,0.02914982,0.1868403,0.1196891,0.6509665
200,0.009332678,0.006372795,0.03272014,0.1713737,0.1058568,0.6743439
201,0.009885214,0.006716887,0.03343138,0.1748737,0.1050082,0.6700847
202,0.00892202,0.006058746,0.03016418,0.1940811,0.1145414,0.6462325
203,0.007438333,0.005102095,0.026332,0.2122642,0.1241491,0.6247143
204,0.006903784,0.004803851,0.0255763,0.2115793,0.122364,0.6287727
205,0.006423394,0.004559346,0.02495568,0.2139532,0.1338802,0.6162282
206,0.005957246,0.004325949,0.02418299,0.2232257,0.1407394,0.6015688
207,0.005898756,0.004371738,0.02439617,0.224684,0.1426005,0.5980489
208,0.006250569,0.004698816,0.02552777,0.21809,0.1388789,0.6065539
209,0.006614902,0.005021171,0.02632544,0.2141362,0.1370777,0.6108246
210,0.007258159,0.005521962,0.02761258,0.2042369,0.1299247,0.6254457
211,0.008836749,0.006657389,0.0311229,0.1813763,0.1112015,0.6608052
212,0.01079576,0.00799964,0.03491468,0.1654782,0.09630161,0.6845101
213,0.01243583,0.009022353,0.03710551,0.1609904,0.08896866,0.6914774
214,0.01268293,0.009006379,0.03576069,0.1686552,0.09114151,0.6827533
215,0.01130497,0.007897185,0.03145134,0.1813963,0.09874923,0.669201
216,0.007878735,0.005525762,0.02407974,0.2129939,0.1217528,0.6277691
217,0.006225011,0.004436836,0.02162252,0.2148914,0.1433627,0.6094615
218,0.00556715,0.004057098,0.02156106,0.2192297,0.1524978,0.5970871
219,0.005491561,0.004079868,0.02246909,0.2204102,0.1583552,0.5891941
220,0.005688466,0.004280258,0.02341119,0.221396,0.1619997,0.5832244
221,0.006392528,0.004818443,0.02515776,0.2116499,0.1548487,0.5971328
222,0.006916842,0.005197546,0.02581695,0.2095487,0.1538344,0.5986856
223,0.008137198,0.006033015,0.02797855,0.1927295,0.1381832,0.6269385
224,0.01049287,0.007596196,0.03240259,0.1671701,0.1130986,0.6692397
225,0.01131634,0.008022765,0.03250357,0.1725979,0.1131027,0.6624568
226,0.01065999,0.007424302,0.02953376,0.1836345,0.1201823,0.6485651
227,0.009724009,0.006690532,0.02694049,0.187041,0.1236916,0.6459124
228,0.008372114,0.005746822,0.02432131,0.1953123,0.1336859,0.6325616
229,0.006824312,0.004715612,0.02167597,0.2104492,0.158645,0.5976898
230,0.006599933,0.004573961,0.02187621,0.2094266,0.1617054,0.5958179
231,0.006908002,0.004779528,0.02300801,0.2042693,0.1615405,0.5994946
232,0.007154882,0.004917714,0.02345587,0.2053176,0.1666868,0.5924671
233,0.007911469,0.00535616,0.02464635,0.197201,0.1607427,0.6041422
234,0.00874971,0.005807336,0.02567334,0.1904767,0.1555218,0.6137712
235,0.0108713,0.007010957,0.02897417,0.1685084,0.1316295,0.6530057
236,0.0145131,0.009037879,0.03452211,0.1434625,0.1038337,0.6946306
237,0.01797826,0.0107933,0.03841405,0.1376442,0.09150862,0.7036616
238,0.02068105,0.01195027,0.04005935,0.1390061,0.08548028,0.7028229
239,0.01832284,0.01026286,0.03409909,0.1635133,0.0997612,0.6740407
240,0.01607307,0.008779055,0.02986468,0.164788,0.09887792,0.6816173
241,0.01415764,0.007602225,0.02703036,0.1554007,0.1149451,0.680864
242,0.008587839,0.004671027,0.01990207,0.1968962,0.1548217,0.6151212
243,0.006840382,0.00378677,0.01894964,0.2078345,0.1780513,0.5845374
244,0.00744268,0.004134891,0.02131545,0.1920602,0.1719229,0.603124
245,0.008226821,0.00455895,0.02315827,0.187084,0.1719486,0.6050234
246,0.008721238,0.004786786,0.02337167,0.1925297,0.1756105,0.5949801
247,0.01120994,0.006011169,0.02676779,0.1673514,0.1445297,0.64413
248,0.01515247,0.007885923,0.03180284,0.1429738,0.1165076,0.6856773
249,0.01809026,0.009142182,0.03402802,0.1422743,0.107788,0.6886774
250,0.01730426,0.008540206,0.0307265,0.1593084,0.1181116,0.666009
251,0.01395639,0.006799697,0.02524722,0.1766172,0.1354004,0.6419791
252,0.01167176,0.005662748,0.02247304,0.1821897,0.1447905,0.6332123
253,0.00959034,0.004750279,0.02118776,0.2063505,0.1243663,0.6337548
254,0.008363456,0.004257591,0.02112026,0.2140727,0.1389937,0.6131924
255,0.008379078,0.00435358,0.02257485,0.2084787,0.1403188,0.6158951
256,0.009080206,0.004777929,0.02478665,0.1979409,0.1358984,0.6275159
257,0.009295261,0.004941009,0.02544518,0.2008151,0.1409283,0.6185753
258,0.01057574,0.005612475,0.02769454,0.1863943,0.1287808,0.6409421
259,0.01266824,0.00665722,0.03101892,0.169372,0.1132944,0.6669893
260,0.01522907,0.007869652,0.03442057,0.156623,0.09954763,0.6863101
261,0.01593014,0.00810028,0.03407269,0.1634451,0.1010687,0.6773831
262,0.01592911,0.007962011,0.0327198,0.1665392,0.1001309,0.6767189
263,0.01132107,0.005671364,0.02496285,0.206241,0.1290595,0.6227442
264,0.009669798,0.004889971,0.02315909,0.206146,0.1298356,0.6262996
265,0.008601569,0.004427827,0.02258801,0.2102785,0.144713,0.609391
266,0.008672917,0.00452496,0.02361641,0.2054029,0.142345,0.6154379
267,0.008339423,0.004421378,0.02347327,0.215186,0.152216,0.596364
268,0.008523955,0.004562323,0.02383517,0.2166543,0.1537178,0.5927063
269,0.008975226,0.004823763,0.0243846,0.2148973,0.153557,0.5933621
270,0.01113312,0.005919605,0.02782493,0.1888693,0.1311448,0.6351082
271,0.01427047,0.007443452,0.03222498,0.1665257,0.1100582,0.6694772
272,0.01721592,0.008771428,0.03523982,0.1585353,0.09851599,0.6817215
273,0.01667101,0.008328314,0.03236123,0.1760099,0.1081593,0.6584702
274,0.01492007,0.007343438,0.02860738,0.1843057,0.1141675,0.650656
275,0.01294972,0.006335008,0.02568675,0.1894687,0.1197376,0.6458222
276,0.01092655,0.005370591,0.02340341,0.1981565,0.1297215,0.6324215
277,0.010656,0.005242913,0.02366523,0.1870667,0.1366234,0.6367458
278,0.009135515,0.004543155,0.02195562,0.2060071,0.1588416,0.599517
279,0.009604717,0.004779113,0.02308916,0.1977584,0.1528296,0.611939
280,0.009625227,0.004792024,0.02319579,0.2029743,0.1620491,0.5973635
281,0.009927635,0.004911152,0.02327569,0.2047803,0.1659179,0.5911874
282,0.01144613,0.005573466,0.02506135,0.1906135,0.152912,0.6143936
283,0.01353353,0.006448802,0.02727536,0.1765115,0.1385397,0.637691
284,0.01564502,0.007271999,0.02897991,0.1675206,0.1267746,0.6538079
285,0.01805397,0.008164749,0.03070643,0.1583094,0.1137323,0.6710331
286,0.01840314,0.008128728,0.02977039,0.1632388,0.1147371,0.6657218
287,0.01483134,0.006474004,0.02467119,0.1873684,0.1376057,0.6290493
288,0.01251839,0.005438626,0.02216378,0.1952238,0.1486237,0.6160318
289,0.01150734,0.005050355,0.02225794,0.2046808,0.127464,0.6290395
290,0.01130892,0.005017545,0.02336085,0.2012162,0.1301383,0.6289582
291,0.01175004,0.00524624,0.02492225,0.1943262,0.1275238,0.6362315
292,0.01186926,0.005329875,0.02562568,0.1952786,0.1300957,0.6318008
293,0.01162738,0.005249762,0.0254815,0.2003195,0.1351456,0.6221763
294,0.0118706,0.005373385,0.0259842,0.1979626,0.1336286,0.6251806
295,0.013951,0.006266792,0.02913411,0.1771829,0.1156149,0.6578504
296,0.01545068,0.006883518,0.03096136,0.171976,0.1096574,0.665071
297,0.01618539,0.007133556,0.03122738,0.1728875,0.1073586,0.6652076
298,0.01452629,0.006375897,0.02820529,0.1896527,0.1179766,0.6432633
299,0.0120286,0.005310906,0.02470768,0.2074625,0.1312119,0.6192785
300,0.01074404,0.004799342,0.02357698,0.2129121,0.1369517,0.6110158
301,0.01016336,0.004506138,0.0222905,0.2074363,0.1894545,0.5661492
302,0.0108943,0.004754146,0.02261159,0.2057431,0.1855722,0.5704247
303,0.01187324,0.005067034,0.02294387,0.2040541,0.1857912,0.5702705
304,0.01412147,0.005842917,0.02458853,0.1893714,0.1704703,0.5956054
305,0.01680466,0.006713051,0.0262831,0.1765449,0.1556652,0.617989
306,0.02004222,0.007713866,0.02813962,0.163814,0.1386504,0.6416399
307,0.0256663,0.00949041,0.03195589,0.1427346,0.1119476,0.6782052
308,0.0272845,0.009741732,0.03157657,0.1496315,0.1141312,0.6676345
309,0.0292483,0.01009478,0.0315547,0.1452648,0.106007,0.6778303
310,0.03004817,0.01006379,0.03107852,0.1427314,0.1008348,0.6852433
311,0.02716382,0.008897229,0.02828582,0.1499239,0.1064629,0.6792663
312,0.02136993,0.006934401,0.02411132,0.1640355,0.1217994,0.6617495
313,0.0143907,0.004693115,0.01951712,0.1861424,0.1758557,0.5994011
314,0.01312477,0.004278331,0.01970529,0.1869642,0.1862683,0.5896591
315,0.0137427,0.00445042,0.0211276,0.182265,0.188107,0.5903073
316,0.01461675,0.004667183,0.02180437,0.1852616,0.1917913,0.5818588
317,0.01824703,0.005685232,0.02452738,0.1662345,0.1649503,0.6203555
318,0.02341028,0.007078963,0.02785488,0.1479097,0.1396126,0.6541336
319,0.03005025,0.008793321,0.03147159,0.1331745,0.1163025,0.6802078
320,0.03404819,0.009670381,0.03236111,0.1355138,0.110546,0.6778605
321,0.02702656,0.00754779,0.02572392,0.1659261,0.1395249,0.6342508
322,0.02029589,0.00563828,0.02102897,0.1824837,0.1623962,0.6081569
323,0.01852752,0.005128087,0.02044201,0.1810873,0.1646945,0.6101205
324,0.01566195,0.004333223,0.01894327,0.1996491,0.1964251,0.5649873
325,0.01632451,0.004611551,0.02101204,0.2089599,0.1370464,0.6120456
326,0.01780753,0.005098629,0.0235235,0.1963174,0.1351671,0.6220859
327,0.01857542,0.005357804,0.0245767,0.1941819,0.1385823,0.6187257
328,0.01915563,0.005539838,0.02504302,0.1925339,0.140581,0.6171467
329,0.02151718,0.006189224,0.02694253,0.1785047,0.1289943,0.637852
330,0.0222138,0.006360796,0.02712133,0.1793685,0.1306457,0.6342899
331,0.02540046,0.007180236,0.02925155,0.1639157,0.1149996,0.6592524
332,0.02786145,0.00777371,0.03061643,0.1581851,0.1079289,0.6676344
333,0.03269902,0.008936331,0.03343151,0.1439237,0.09184666,0.6891627
334,0.033562,0.00901388,0.03299818,0.1496364,0.09284937,0.6819402
335,0.02798366,0.007443541,0.02803567,0.1726326,0.1082402,0.6556643
336,0.02201978,0.005874359,0.02397669,0.1880806,0.1198862,0.6401623
337,0.01801379,0.004884177,0.02221451,0.1996655,0.1266376,0.6285844
338,0.0154153,0.004289377,0.0217222,0.2100064,0.1391044,0.6094622
339,0.0140748,0.00402716,0.02204371,0.2182401,0.1519558,0.5896584
340,0.01424694,0.004166245,0.02333081,0.2179992,0.1558839,0.5843729
341,0.01535515,0.004556638,0.02500171,0.2132429,0.1530283,0.5888153
342,0.01673871,0.005009616,0.02633091,0.2089601,0.1487189,0.5942419
343,0.01950096,0.005831671,0.02869863,0.1938559,0.1344113,0.6177015
344,0.02121374,0.006328641,0.02942492,0.191148,0.1294516,0.6224332
345,0.0238381,0.007049909,0.0308379,0.18007,0.1173621,0.640842
346,0.02848428,0.008289781,0.03387279,0.1624152,0.09971108,0.6672269
347,0.02826528,0.008129693,0.03222077,0.1726529,0.1045124,0.654219
348,0.0227416,0.006523699,0.02656473,0.1968271,0.1228712,0.6244717
349,0.02008649,0.005768455,0.02434987,0.1919869,0.1342768,0.6235315
350,0.0179216,0.005192724,0.02315244,0.1964184,0.141385,0.6159298
351,0.01628791,0.004778626,0.02246348,0.2032152,0.1522287,0.6010261
352,0.01539971,0.004570448,0.02225158,0.2097384,0.1634724,0.5845675
353,0.01576812,0.004705235,0.02287629,0.2092949,0.1670124,0.580343
354,0.01828822,0.005432139,0.02520428,0.1929911,0.153429,0.6046553
355,0.02124203,0.006247113,0.02735873,0.1809768,0.1422028,0.6219725
356,0.0246554,0.007144812,0.02933369,0.1701906,0.1293904,0.6392851
357,0.02254681,0.006481759,0.0262567,0.1898565,0.1458989,0.6089593
358,0.01985822,0.005684542,0.02342238,0.2014217,0.1584329,0.5911802
359,0.01940928,0.005530376,0.0230232,0.1987008,0.1577959,0.5955403
360,0.01953126,0.005536055,0.02317238,0.1965911,0.1584926,0.5966766
361,0.01917623,0.005383588,0.02254376,0.199771,0.1720356,0.5810898
362,0.02025264,0.005601333,0.02296179,0.1950486,0.168575,0.5875606
363,0.02099506,0.005705435,0.02297631,0.1948353,0.1711243,0.5843635
364,0.02181697,0.005804883,0.02290689,0.1938542,0.1726597,0.5829573
365,0.02307896,0.00599232,0.02310845,0.1900837,0.1710602,0.5866764
366,0.02479946,0.006267108,0.02356621,0.1843225,0.166749,0.5942958
367,0.0276048,0.006775713,0.02464801,0.1742219,0.1560877,0.6106619
368,0.03248594,0.00773125,0.0268138,0.1586818,0.1370639,0.6372234
369,0.03645832,0.008425311,0.0281598,0.1521915,0.1272461,0.6475189
370,0.04135938,0.009287188,0.02974879,0.1434088,0.1133751,0.6628206
371,0.03897735,0.008574366,0.02760739,0.1560191,0.1218421,0.6469797
372,0.03793769,0.008202039,0.02662923,0.1550242,0.1163709,0.655836
373,0.03604413,0.00770457,0.02573968,0.1553973,0.1169054,0.658209
374,0.02524395,0.005442285,0.02069125,0.1917422,0.1545383,0.6023419
375,0.02110043,0.004596521,0.0197536,0.1994892,0.1731878,0.5818725
376,0.01947347,0.004270718,0.0201528,0.2056187,0.1982099,0.5522745
377,0.02056581,0.004483323,0.02147913,0.204079,0.2073551,0.5420375
378,0.02395272,0.005147492,0.02354639,0.1954072,0.1970365,0.5549097
379,0.02965515,0.006245279,0.02636899,0.1800086,0.1750861,0.5826359
380,0.03685844,0.007585807,0.02924655,0.1657753,0.1520615,0.6084723
381,0.04506738,0.009053778,0.03188694,0.1543542,0.1307801,0.6288576
382,0.04709369,0.009267499,0.03087192,0.1612872,0.1287326,0.6227471
383,0.0344399,0.006726061,0.02339588,0.1974756,0.1627829,0.5751797
384,0.02971905,0.005783267,0.0213734,0.1967365,0.1647408,0.581647
385,0.02713753,0.005201246,0.02004739,0.1938411,0.2002724,0.5535004
386,0.02799179,0.005256632,0.02019169,0.1917894,0.1983826,0.5563878
387,0.03044254,0.005570065,0.02078647,0.1864176,0.1944863,0.562297
388,0.03620702,0.006428521,0.02251182,0.170482,0.1750116,0.5893589
389,0.04918811,0.00844678,0.02683404,0.1417737,0.1374763,0.6362811
390,0.0651844,0.01084611,0.03123473,0.1217912,0.1082704,0.6626732
391,0.08135817,0.01314329,0.03433865,0.1153562,0.0920784,0.6637253
392,0.08981694,0.01412189,0.03438227,0.1209049,0.08896707,0.6518069
393,0.08682188,0.01333517,0.03139452,0.1314241,0.09162054,0.6454038
394,0.07637354,0.01151774,0.02750213,0.138319,0.09360146,0.6526861
395,0.05949059,0.008902858,0.02317875,0.1490718,0.1017341,0.6576219
396,0.03128428,0.004803939,0.01662054,0.1992123,0.1503262,0.5977528
397,0.02381472,0.003811175,0.01697887,0.2143818,0.1485211,0.5924923
398,0.02329971,0.003862984,0.01959443,0.2034447,0.1586428,0.5911553
399,0.02380579,0.004047494,0.02169175,0.1996121,0.174874,0.5759689
400,0.02437503,0.004198031,0.02264484,0.2044594,0.1934043,0.5509185
401,0.02662255,0.004596629,0.02366092,0.2056902,0.1946806,0.5447491
402,0.03023406,0.005200265,0.02479266,0.2024909,0.1860887,0.5511935
403,0.03701804,0.006302006,0.02720186,0.1859085,0.1638373,0.5797323
404,0.04874849,0.008166336,0.03142925,0.1607674,0.1327035,0.6181852
405,0.06064736,0.009976347,0.03452638,0.1491927,0.1131702,0.6324869
406,0.06389271,0.01033598,0.03332721,0.1583304,0.1131811,0.6209326
407,0.0504619,0.008099276,0.02636266,0.1865427,0.1356898,0.5928437
408,0.03713797,0.005989825,0.02136746,0.2013071,0.1527449,0.5814527
409,0.03437234,0.005582083,0.02126149,0.1918768,0.1483002,0.5986071
410,0.0321946,0.005286723,0.02146103,0.1918064,0.1548854,0.5943658
411,0.03060894,0.005076461,0.02147244,0.1954416,0.1646393,0.5827612
412,0.03121374,0.005204374,0.02210604,0.1929971,0.1664499,0.5820288
413,0.0329198,0.005494467,0.02288309,0.1890685,0.1653993,0.5842348
414,0.03579606,0.00595495,0.02383377,0.182321,0.1592843,0.5928099
415,0.04376326,0.007209311,0.02673263,0.1605277,0.1344117,0.6273552
416,0.0485802,0.007928199,0.02776083,0.1571928,0.127417,0.631121
417,0.04821045,0.007814951,0.02652078,0.1640417,0.1300188,0.6233934
418,0.05113681,0.008223808,0.02689216,0.1555507,0.1177211,0.6404754
419,0.04784087,0.007677591,0.02531055,0.1632944,0.1228083,0.6330683
420,0.04141735,0.006672428,0.02296367,0.1750004,0.1332111,0.6207352
421,0.04199109,0.006784592,0.02378005,0.1658872,0.1155736,0.6459835
422,0.03380263,0.005554527,0.02141232,0.1912003,0.1417241,0.6063061
423,0.02926533,0.004893377,0.02049346,0.202038,0.1568191,0.5864907
424,0.02875224,0.00487697,0.02126229,0.2007835,0.1608786,0.5834464
425,0.02933902,0.005029877,0.02210527,0.2006606,0.1642053,0.5786599
426,0.02983257,0.005149268,0.02234768,0.2044919,0.1691547,0.5690238
427,0.03254081,0.005620431,0.02334937,0.1973929,0.1618242,0.5792723
428,0.04332914,0.007407079,0.02800818,0.1630744,0.1267522,0.631429
429,0.05492704,0.009266252,0.03191776,0.1462841,0.1060941,0.6515108
430,0.05410171,0.009038749,0.0296906,0.1650136,0.1166957,0.6254597
431,0.04066326,0.006799053,0.02324607,0.1965315,0.1458673,0.5868929
432,0.03179573,0.005364558,0.02021333,0.2091977,0.1639333,0.5694954
433,0.02988653,0.004872945,0.01844571,0.1969211,0.2346399,0.5152338
434,0.03076273,0.00479751,0.01761913,0.2053685,0.2476534,0.4937988
435,0.0349103,0.005134295,0.01759134,0.2022871,0.250929,0.489148
436,0.04036588,0.005523805,0.01755124,0.1960319,0.2532551,0.4872721
437,0.04832281,0.006116693,0.01795747,0.1838764,0.2423538,0.5013728
438,0.06039811,0.007111723,0.01919804,0.1651576,0.2142498,0.5338847
439,0.06886313,0.00756544,0.01938404,0.1583311,0.2028603,0.5429961
440,0.07686414,0.008008922,0.01962208,0.1497213,0.1871367,0.5586469
441,0.1054538,0.01053326,0.02364535,0.1143867,0.1299232,0.6160577
442,0.1301244,0.01263718,0.02613199,0.1073556,0.1071007,0.6166501
443,0.07177116,0.006952791,0.01621058,0.1823723,0.1988789,0.5238143
444,0.0518568,0.004998963,0.01449261,0.1872615,0.2321752,0.509215
