"<HEADER software/>"
EwEVersion,"6.7.0.17868 (compiled 5/31/2022)"
Date,"7/27/2023 3:33:22 PM"
"<HEADER ecopath/>"
ModelName,1
"<HEADER ecosim/>"
EcosimScenario,"Gulfwide_EwE_mvl_try3 DC adjustments"
TimeSeries,TS_updated_IB13
StartYear,1980
"<HEADER end/>"

Data,"Prey of Spanish mackerel (0-1yr)"

year\group,"Inshore coastal piscivores","Sea trout","Reef invertebrate feeders","Demersal coastal invertebrate feeders","Benthic coastal invertebrate feeders","Coastal omnivores",Sardine-herring-scad,"Menhaden (1yr)","Menhaden (2yr)","Menhaden (3yr)","Menhaden (4yr)",Anchovy-silverside-killifish,Mullet,Butterfish,Cephalopod,"Pink shrimp","Brown shrimp","White shrimp",Crab,"Mobile epifauna",Zooplankton,Infauna,Detritus,
1980,0.002795425,0.001651346,0.002195304,0.01511623,0.003930238,0.03508879,0.04113852,0.1569952,0.1188264,0.1077644,0.04637121,0.1789785,0.001914874,0.04232474,0.02286517,0.006089033,0.0005671285,0.1031855,0.00866925,0.0002180241,0.06579141,0.0005097335,0.03701358
1981,0.00320859,0.001821119,0.002164375,0.01521383,0.00380591,0.03685169,0.03945017,0.1907892,0.129978,0.1248222,0.05470284,0.1758869,0.001906375,0.03681202,0.01175498,0.00516678,0.0004280647,0.08750224,0.006523424,0.0002010064,0.03185638,0.0005664945,0.03858738
1982,0.002852825,0.001607178,0.002167129,0.01305648,0.003302691,0.03478332,0.03745426,0.1273771,0.1710654,0.1586161,0.069732,0.1299626,0.001916015,0.03877776,0.008534925,0.005595969,0.0004391342,0.09016269,0.006811014,0.000220907,0.05385428,0.0006565347,0.04105369
1983,0.002152859,0.001205374,0.001902828,0.01038696,0.002809623,0.02863939,0.03326244,0.1193674,0.109758,0.2130147,0.08594976,0.1227114,0.001661398,0.0380102,0.01454926,0.005589189,0.0004918266,0.08844183,0.006084299,0.0001999958,0.07710225,0.0005330803,0.03617594
1984,0.002641404,0.001409911,0.002321264,0.01202922,0.003465137,0.03457796,0.04093172,0.1645865,0.1047751,0.1226577,0.1092902,0.1561394,0.002035058,0.04403576,0.01283877,0.005977063,0.0004515031,0.09586025,0.006943503,0.0002209602,0.036064,0.0006433478,0.04010439
1985,0.002519811,0.001244831,0.002249963,0.01080164,0.003209028,0.03287265,0.04014864,0.1752134,0.1504425,0.1058545,0.06779571,0.1567886,0.002052932,0.04214765,0.008860539,0.005772751,0.0004657358,0.09032351,0.007193338,0.0002175656,0.05369596,0.0006261127,0.03950261
1986,0.002430287,0.001093244,0.002212128,0.009886795,0.003047505,0.03168038,0.03990365,0.1474112,0.1355427,0.1621565,0.05875066,0.1519569,0.0020612,0.04139505,0.007864597,0.005807497,0.0004979743,0.0902454,0.007545691,0.0002217349,0.05625265,0.000646102,0.04139012
1987,0.00241242,0.00103778,0.002326764,0.00954014,0.003133815,0.0322095,0.04229802,0.1189096,0.1273876,0.1704412,0.09235349,0.1538866,0.002129254,0.0445519,0.009901532,0.005589461,0.0003839755,0.08518434,0.006550627,0.0002134165,0.05395787,0.0005636191,0.03503705
1988,0.002497671,0.001030836,0.002267633,0.009280707,0.003125143,0.03182081,0.0424858,0.1250275,0.1127152,0.151821,0.09873152,0.1804407,0.002074484,0.04201933,0.01219352,0.005291117,0.0003259249,0.08163322,0.004870853,0.0001997998,0.05492551,0.0005190383,0.03470278
1989,0.002410311,0.0009746873,0.002249723,0.008734468,0.00296574,0.03058189,0.04114905,0.1365311,0.117488,0.1289664,0.08371469,0.1706977,0.002052536,0.04186707,0.01089452,0.005836582,0.0002565043,0.09180954,0.005567458,0.0002209972,0.07096364,0.0007013348,0.04336606
1990,0.00254669,0.001071856,0.002608103,0.009347665,0.003230189,0.03292398,0.04607412,0.1551042,0.1181342,0.1205378,0.06648382,0.1765264,0.002294626,0.04709427,0.009533539,0.00620705,0.000195484,0.09419026,0.007626383,0.0002366626,0.05224778,0.0007435724,0.04504136
1991,0.002346955,0.0009821305,0.002515889,0.008688225,0.003103575,0.03021105,0.04467443,0.1495545,0.1383535,0.120041,0.0592014,0.1586532,0.002194924,0.04617522,0.01033495,0.006385814,0.0003367732,0.09523875,0.007421587,0.0002295084,0.07066268,0.0006653471,0.04202855
1992,0.002450621,0.0009844272,0.002458307,0.008640734,0.003197158,0.02942247,0.04502447,0.1521694,0.1211898,0.1405969,0.05869499,0.1553942,0.002175107,0.04460293,0.01127005,0.006399383,0.0004881244,0.0971811,0.00634646,0.000226814,0.06698985,0.0006378686,0.04345882
1993,0.002590748,0.001003447,0.002608718,0.008899905,0.00341746,0.03069894,0.04830914,0.1464992,0.1271951,0.1238074,0.0658555,0.1562632,0.002323692,0.04855455,0.0110929,0.006410135,0.0004460451,0.09844295,0.006392011,0.000237479,0.06364227,0.000741156,0.04456805
1994,0.002594196,0.0009959991,0.002621631,0.008929691,0.003480359,0.03047111,0.04977698,0.1427298,0.1246592,0.1255698,0.06049728,0.1677509,0.002347846,0.04910493,0.01161847,0.006340291,0.0004350413,0.0946228,0.006351994,0.0002290001,0.06806557,0.0006454549,0.04016174
1995,0.002504581,0.0009765765,0.002289582,0.008630061,0.003274057,0.02762956,0.04587209,0.1452377,0.1210965,0.1312971,0.06262449,0.1651655,0.002116958,0.04315783,0.01545893,0.006047354,0.0004708752,0.09590817,0.004724078,0.0002141031,0.07488658,0.0005737958,0.03984359
1996,0.003133722,0.001209521,0.002529685,0.01003132,0.003675036,0.0314705,0.05144545,0.1651013,0.1232016,0.1283512,0.06662067,0.1646395,0.002462799,0.04499329,0.01303618,0.005744856,0.0004505811,0.09533539,0.004467602,0.0002230944,0.03869996,0.0006753599,0.04250133
1997,0.002909409,0.001067073,0.002347834,0.009001998,0.003241904,0.02893803,0.04767752,0.1524737,0.1535777,0.1241689,0.06288382,0.1372242,0.002389985,0.04365646,0.01143003,0.005971382,0.0005064259,0.09474189,0.00489753,0.0002230022,0.07094093,0.0006427548,0.03908746
1998,0.002772842,0.0009895094,0.002149669,0.008335645,0.002960095,0.02700897,0.04407525,0.1486842,0.1274014,0.165401,0.06553588,0.1268459,0.002235483,0.04118949,0.01366311,0.005778976,0.0004370562,0.09396192,0.004542849,0.0002133342,0.07445219,0.0006046917,0.04076046
1999,0.003058964,0.001116165,0.002135154,0.009080674,0.00307524,0.02782061,0.04442301,0.1705344,0.1257104,0.1383079,0.08260236,0.1355282,0.002206971,0.04122071,0.01834193,0.006026446,0.0004715873,0.09535398,0.003998662,0.0002069863,0.05416603,0.0005140585,0.03409962
2000,0.003318294,0.001160145,0.001838653,0.00880632,0.00258529,0.02609861,0.03808192,0.2232468,0.1486664,0.1219834,0.07156602,0.1438811,0.002035898,0.03248207,0.01090259,0.005121078,0.0003791617,0.08072313,0.002908884,0.000183783,0.03896325,0.0004716392,0.03459558
2001,0.003352515,0.001074112,0.001790306,0.008639852,0.002328515,0.02560596,0.03598915,0.1537154,0.1786875,0.1676516,0.07326856,0.1197065,0.002045739,0.03308349,0.00974006,0.005611825,0.0004152794,0.08834699,0.00354005,0.0002054108,0.0464198,0.0005784929,0.03820291
2002,0.002922415,0.0008813247,0.001702229,0.007562959,0.002039337,0.02362125,0.03313572,0.141227,0.130102,0.2207607,0.09681163,0.1021908,0.001926028,0.03362223,0.01046129,0.005432151,0.0003864882,0.08381899,0.003487416,0.0001956573,0.06162177,0.000538824,0.03555172
2003,0.003027904,0.0008924311,0.001781571,0.008026626,0.002172631,0.02506865,0.03478376,0.1542843,0.1216719,0.1535631,0.1235952,0.1184711,0.00200245,0.03607842,0.01381082,0.005914846,0.0004255029,0.09167749,0.003477236,0.0002063256,0.06043687,0.0005348024,0.03809609
2004,0.003282673,0.0009053246,0.001891322,0.008629492,0.002331839,0.02699111,0.03702179,0.1946034,0.1316616,0.1322482,0.08787262,0.1359507,0.002147931,0.03751264,0.0120972,0.005886773,0.0005019556,0.09062121,0.003804713,0.0002098579,0.04474034,0.0005844565,0.03850287
2005,0.00313094,0.0008550499,0.001704038,0.008661778,0.002232617,0.0248008,0.03420435,0.1745853,0.1611223,0.1403628,0.07326611,0.1493256,0.001936267,0.03412176,0.01468534,0.005490163,0.0005967606,0.08536845,0.004259769,0.0001858545,0.04926574,0.0004259916,0.02941229
2006,0.00313048,0.000884645,0.001406452,0.008776927,0.0018882,0.02227153,0.02768777,0.1525498,0.1284231,0.1946647,0.08552581,0.181941,0.001672313,0.02651904,0.009651214,0.004542723,0.000505834,0.07464601,0.003395,0.0001614599,0.03834537,0.0003949454,0.03101574
2007,0.003158181,0.0009226871,0.001467039,0.009872488,0.001874701,0.02314959,0.02740668,0.139282,0.1267832,0.1711314,0.1139282,0.1832488,0.001700363,0.02946077,0.01011964,0.00504001,0.0006606294,0.08003081,0.003416425,0.0001765014,0.03727959,0.0004416622,0.02944862
2008,0.00289074,0.0008358939,0.001433251,0.009524007,0.00162873,0.0221388,0.02536034,0.1555984,0.1350365,0.1613123,0.1093067,0.1807781,0.00167816,0.02798508,0.006794936,0.004768474,0.0006597177,0.07348475,0.00354616,0.000170922,0.0433314,0.0004889719,0.03124762
2009,0.002668235,0.0008025034,0.001437489,0.009768846,0.001551849,0.02180555,0.0247055,0.1206302,0.1390862,0.1916441,0.1165189,0.1575648,0.001662146,0.02918741,0.008170853,0.005130241,0.0007107628,0.07931737,0.003356003,0.0001776843,0.05058699,0.0004684138,0.0330479
2010,0.002536365,0.0008492978,0.001379769,0.0106334,0.001648645,0.02109352,0.0240646,0.1619152,0.1047723,0.1939504,0.1184632,0.1560671,0.001500256,0.02959902,0.01454038,0.005010681,0.0007510649,0.0799576,0.003260852,0.0001643272,0.0412267,0.0003612263,0.02625416
2011,0.002774598,0.0009629831,0.001246413,0.01125325,0.001496694,0.02053944,0.02132634,0.2269971,0.1190309,0.0996412,0.1019367,0.2339868,0.00139908,0.02474179,0.007640427,0.00424262,0.0006139944,0.06876022,0.002732672,0.0001476037,0.0230878,0.0003506573,0.02509081
2012,0.003005523,0.001085891,0.001156156,0.01298982,0.001413996,0.020538,0.01969869,0.1496365,0.170193,0.144719,0.0752379,0.2618567,0.001298356,0.02437983,0.007840988,0.003738613,0.0005168116,0.06029584,0.002341857,0.0001339422,0.01917556,0.0002481743,0.01849881
2013,0.002608832,0.0009142893,0.0009390073,0.01130933,0.0009635775,0.01760828,0.01476672,0.1253757,0.1180283,0.2417375,0.1029401,0.2284193,0.001102202,0.01985036,0.004292602,0.00344107,0.000491892,0.05575085,0.002053722,0.0001287662,0.02428045,0.0003312107,0.02266601
2014,0.002771888,0.00101496,0.001075524,0.01307375,0.0009631557,0.01967441,0.01615279,0.1178911,0.1050661,0.1932889,0.1763001,0.2005825,0.001191566,0.02409476,0.005403071,0.004030292,0.0005357331,0.06405607,0.002471131,0.000148247,0.02552121,0.0003340741,0.02435861
2015,0.00275442,0.001096384,0.001092071,0.01374393,0.0008646066,0.02004739,0.01593862,0.1622963,0.1111502,0.1479677,0.1416748,0.2223696,0.001196481,0.02467699,0.00548813,0.003995613,0.000528016,0.06401792,0.00244929,0.0001497565,0.03097368,0.0003472085,0.02518097
2016,0.002572606,0.001100754,0.0009467304,0.01523321,0.001088316,0.01789238,0.01596939,0.1443397,0.122687,0.133146,0.1058683,0.2740181,0.0009244171,0.02387378,0.01478361,0.003812246,0.0005194705,0.06542399,0.002018796,0.0001286725,0.03326955,0.0002239413,0.02015907
