"<HEADER software/>"
EwEVersion,"6.7.0.17868 (compiled 5/31/2022)"
Date,"7/27/2023 3:33:22 PM"
"<HEADER ecopath/>"
ModelName,1
"<HEADER ecosim/>"
EcosimScenario,"Gulfwide_EwE_mvl_try3 DC adjustments"
TimeSeries,TS_updated_IB13
StartYear,1980
"<HEADER end/>"

Data,"Prey of Cephalopod"

timestep\group,"Reef invertebrate feeders","Demersal coastal invertebrate feeders","Coastal omnivores","Reef omnivores",Sardine-herring-scad,Anchovy-silverside-killifish,Cephalopod,"Mobile epifauna",Zooplankton,Infauna,Detritus,
1,0.0004510734,0.0003201223,3.165092E-05,0.0001130351,0.001808385,0.02654434,0.009127415,0.1698465,0.6793276,0.02020883,0.09222096
2,0.0003838833,0.0002747884,2.701776E-05,9.771763E-05,0.001590087,0.02326313,0.008395127,0.1534245,0.7110307,0.01746015,0.08405286
3,0.0002845551,0.0002052523,2.006448E-05,7.435241E-05,0.001257341,0.01813059,0.007222744,0.1276184,0.7629822,0.01349951,0.06870493
4,0.0002359908,0.0001715448,1.662337E-05,6.343987E-05,0.001162879,0.01597171,0.00770874,0.1202682,0.7895254,0.01064012,0.05423533
5,0.0002186072,0.0001603099,1.536193E-05,6.03689E-05,0.00122676,0.01565527,0.009570064,0.1254588,0.7947456,0.008903458,0.04398538
6,0.000240447,0.0001781606,1.686531E-05,6.753891E-05,0.001492264,0.01772117,0.01315189,0.1455207,0.7733445,0.008509786,0.03975661
7,0.0003013405,0.0002257305,2.113851E-05,8.524291E-05,0.001969628,0.02220626,0.01847117,0.1799606,0.7269827,0.009258171,0.04051807
8,0.0003918566,0.0002968133,2.758555E-05,0.000110933,0.002561745,0.02824421,0.0240471,0.2204801,0.6667035,0.01088582,0.04625037
9,0.0005295782,0.0004055863,3.753493E-05,0.0001489882,0.003302072,0.03659596,0.02941149,0.267526,0.5922733,0.01351742,0.05625211
10,0.0007221584,0.0005587583,5.165851E-05,0.0002010437,0.004184617,0.04739165,0.0343021,0.3211805,0.5023382,0.01747691,0.07159243
11,0.0009229726,0.0007209242,6.679279E-05,0.0002540596,0.004896512,0.0574287,0.03615642,0.3632701,0.4171043,0.02262078,0.09655836
12,0.001257514,0.0009906867,9.215021E-05,0.0003399861,0.006033132,0.07351022,0.03956493,0.4225538,0.3072504,0.02940505,0.1190021
13,0.001536665,0.001208205,0.0001140777,0.0004087239,0.006335975,0.08359522,0.03676229,0.434368,0.2256966,0.04068804,0.1692863
14,0.001537016,0.001205579,0.0001156797,0.0004032742,0.005808034,0.0799222,0.02964685,0.4038509,0.191535,0.04929508,0.2366805
15,0.001498887,0.001171421,0.0001140513,0.0003878842,0.005239872,0.07506792,0.02364616,0.3746512,0.172918,0.05831195,0.2869927
16,0.001298044,0.001009548,9.955131E-05,0.0003328329,0.004248777,0.0636477,0.01706441,0.3270757,0.1957465,0.06574069,0.3237363
17,0.0009888033,0.0007638953,7.605163E-05,0.0002525875,0.003074364,0.04832921,0.01114683,0.2640713,0.2827926,0.06619926,0.3223051
18,0.0007344558,0.0005629938,5.633696E-05,0.0001871921,0.002210208,0.03619514,0.007477544,0.2080236,0.4213937,0.05774557,0.2654133
19,0.000584288,0.0004441212,4.452636E-05,0.0001486222,0.001739617,0.02931603,0.005755886,0.1739027,0.5345829,0.04808019,0.2054011
20,0.0005531127,0.0004170495,4.183154E-05,0.0001399302,0.001649909,0.02823344,0.005513078,0.1671001,0.5849632,0.04293228,0.1684561
21,0.0005918109,0.0004428529,4.44668E-05,0.0001483456,0.001772538,0.03056701,0.006037638,0.1761344,0.5941814,0.04129654,0.148783
22,0.0006139363,0.0004561053,4.594426E-05,0.0001524832,0.001840713,0.03205078,0.006353549,0.1805157,0.591823,0.04007254,0.1460752
23,0.0006696167,0.000494287,5.002783E-05,0.0001643335,0.001988799,0.03502463,0.006821313,0.1901283,0.570774,0.04107277,0.1528119
24,0.0006490526,0.0004759671,4.848237E-05,0.0001578315,0.001907539,0.03416326,0.006469489,0.1830232,0.5669311,0.04055908,0.165615
25,0.0006442381,0.0004642066,4.795355E-05,0.0001545307,0.001695878,0.03251727,0.005558658,0.1646881,0.5190281,0.05150632,0.2236948
26,0.0006001992,0.000424727,4.442657E-05,0.0001420785,0.001557429,0.03020067,0.004973604,0.1549919,0.5221031,0.05264703,0.2323148
27,0.000552912,0.0003840699,4.06072E-05,0.0001292292,0.001422512,0.02787521,0.004486829,0.146064,0.5396876,0.05220216,0.2271548
28,0.0005461226,0.0003723823,3.97319E-05,0.0001259076,0.00139881,0.02759956,0.004404238,0.1458593,0.5498308,0.05231615,0.217507
29,0.0005246819,0.0003512924,3.778835E-05,0.0001194719,0.001343288,0.02668156,0.004258824,0.1429945,0.5655426,0.0509448,0.2072011
30,0.0005369338,0.0003532699,3.827992E-05,0.0001206571,0.001374771,0.02741683,0.004392807,0.1467509,0.5672393,0.0507895,0.2009866
31,0.0005908895,0.0003824028,4.172726E-05,0.000130856,0.001509268,0.03015519,0.004829896,0.1583898,0.55427,0.05273602,0.196964
32,0.0006671807,0.0004251599,4.673785E-05,0.0001454794,0.001691953,0.03387827,0.005356747,0.1728472,0.5302472,0.05608071,0.1986133
33,0.0007828578,0.0004917912,5.452367E-05,0.0001678146,0.001956234,0.03929204,0.006009217,0.1915905,0.4917706,0.06161567,0.2062688
34,0.0009009706,0.0005584151,6.252967E-05,0.0001897467,0.002206358,0.04455458,0.006474523,0.2070691,0.4470926,0.06808794,0.2228033
35,0.0008550273,0.0005234332,5.926076E-05,0.0001774092,0.002049076,0.04189566,0.005693129,0.1916035,0.421512,0.0697549,0.2658766
36,0.0007435161,0.0004494023,5.138263E-05,0.0001522293,0.001751087,0.03633005,0.004647491,0.1680432,0.4241064,0.0690467,0.2946785
37,0.0005623472,0.0003385381,3.875102E-05,0.0001148244,0.001418337,0.02899362,0.003779245,0.1452502,0.5450069,0.05016226,0.2243349
38,0.0004372002,0.0002618701,2.995253E-05,8.939968E-05,0.001131888,0.02349459,0.003207525,0.1227082,0.6315801,0.03974756,0.1773118
39,0.0003401721,0.0002025854,2.3125E-05,7.012996E-05,0.0009327939,0.01939699,0.003000912,0.1065872,0.7081478,0.02958229,0.131716
40,0.0002708059,0.0001603584,1.824834E-05,5.665945E-05,0.0008180458,0.01666269,0.003186313,0.09707604,0.7659429,0.02110948,0.09469847
41,0.0002246278,0.0001323997,1.499808E-05,4.794552E-05,0.0007812751,0.01508955,0.003878294,0.09415995,0.8034663,0.01491856,0.06728613
42,0.0002191196,0.0001288682,1.449974E-05,4.751627E-05,0.0008942351,0.01585622,0.005661014,0.1044844,0.8093058,0.01177876,0.05160958
43,0.0002535991,0.0001491968,1.666434E-05,5.5309E-05,0.001169597,0.01904267,0.008775363,0.127471,0.7878278,0.01094117,0.04429763
44,0.0003436878,0.0002024958,2.249006E-05,7.461347E-05,0.001693095,0.02582059,0.01387552,0.1685089,0.7337348,0.0120447,0.04367897
45,0.0004950445,0.0002923386,3.241082E-05,0.0001061835,0.002443222,0.0360839,0.02013075,0.2216108,0.655983,0.01464636,0.04817595
46,0.0006554028,0.0003881326,4.314938E-05,0.0001387029,0.003103274,0.04573324,0.02425162,0.2629461,0.5816584,0.01801719,0.06306475
47,0.0006926353,0.0004117307,4.603309E-05,0.0001454932,0.003090104,0.04654627,0.02215826,0.2601771,0.5481766,0.02132476,0.09723101
48,0.0007348267,0.0004380218,4.917332E-05,0.0001532993,0.00309711,0.04776444,0.02034122,0.2637246,0.5107024,0.02577108,0.1272239
49,0.0008394322,0.0004958949,5.632655E-05,0.0001735654,0.002966204,0.05069754,0.01776566,0.2568626,0.4571303,0.03756685,0.1754456
50,0.0008246389,0.0004828829,5.536298E-05,0.0001692467,0.002782957,0.04837493,0.01521074,0.2484083,0.4482693,0.04288452,0.1925371
51,0.0007786131,0.0004519832,5.218752E-05,0.0001588068,0.002525523,0.04467608,0.01267212,0.233724,0.4567734,0.04620451,0.2019828
52,0.0007120176,0.000409744,4.754283E-05,0.0001445388,0.002239521,0.04027283,0.01044315,0.2153322,0.484434,0.04699223,0.1989722
53,0.000659366,0.000376136,4.378628E-05,0.0001333038,0.002029783,0.03697161,0.008940416,0.2007159,0.5161312,0.04619366,0.1878048
54,0.0006549379,0.000370334,4.322445E-05,0.000131724,0.001985289,0.03643824,0.008370694,0.1972415,0.5326976,0.0458841,0.1761823
55,0.0007186972,0.0004028148,4.717002E-05,0.0001433945,0.002143987,0.03949711,0.008671969,0.2076946,0.5248526,0.04770757,0.16812
56,0.0008538534,0.0004743335,5.583787E-05,0.0001684864,0.002492891,0.04605214,0.009593237,0.2298221,0.4933125,0.05213202,0.1650425
57,0.0009804071,0.0005399829,6.405924E-05,0.0001912264,0.002786823,0.0518155,0.01008669,0.2455652,0.4530889,0.05722762,0.1776536
58,0.001005646,0.0005495631,6.583241E-05,0.0001941226,0.002772299,0.05220931,0.009320476,0.2384561,0.4214591,0.06082293,0.2131446
59,0.00097363,0.0005278895,6.386008E-05,0.0001860981,0.002608499,0.04985894,0.008151836,0.2233637,0.3999274,0.06402067,0.2503173
60,0.0008807709,0.0004737943,5.782033E-05,0.0001669695,0.002305634,0.04481208,0.006755795,0.2012954,0.4082548,0.06528764,0.2697094
61,0.0007803531,0.0004180911,5.123473E-05,0.0001470845,0.002067066,0.04026525,0.005790975,0.1854961,0.4536991,0.06011622,0.2511685
62,0.0006355894,0.0003391253,4.166955E-05,0.0001195851,0.001677596,0.03330044,0.004608644,0.158035,0.5179755,0.05402785,0.229239
63,0.0005299155,0.0002813933,3.462681E-05,9.9729E-05,0.00141208,0.02841044,0.003934295,0.1386132,0.5811177,0.04690927,0.1986573
64,0.0004769271,0.0002519134,3.101942E-05,8.985277E-05,0.001299755,0.02629403,0.003794384,0.1306669,0.6262495,0.04113485,0.1697107
65,0.0004749485,0.0002495016,3.07362E-05,8.947041E-05,0.001331925,0.02688409,0.004132636,0.1338936,0.6453825,0.03783731,0.1496933
66,0.0005304546,0.0002771944,3.418286E-05,9.958157E-05,0.001522219,0.03053027,0.004956917,0.1489256,0.6351323,0.03774642,0.140245
67,0.0006428912,0.0003342848,4.132482E-05,0.0001198256,0.001861702,0.03714703,0.006177369,0.1739708,0.5985761,0.04070168,0.1404269
68,0.0007905794,0.0004092159,5.081465E-05,0.0001459238,0.002274282,0.04538494,0.007437362,0.2021917,0.543345,0.0458887,0.1520814
69,0.0009247335,0.0004767323,5.958567E-05,0.0001688394,0.002609302,0.05243381,0.008169689,0.2224989,0.481882,0.05201763,0.1787588
70,0.0009422388,0.0004841997,6.096653E-05,0.0001704374,0.002595389,0.05290946,0.007663372,0.219144,0.434347,0.05683121,0.2248518
71,0.0008425471,0.000431779,5.468886E-05,0.0001514149,0.002272397,0.04723667,0.006340706,0.1976922,0.4209806,0.05935616,0.2646408
72,0.0008220111,0.0004196966,5.337423E-05,0.0001465185,0.00218,0.04602373,0.005807874,0.1926787,0.4145026,0.06279176,0.2745737
73,0.000739196,0.0003748199,4.793569E-05,0.0001311175,0.001949712,0.04178821,0.00504116,0.1789569,0.4456772,0.06182659,0.2634672
74,0.0006702716,0.0003374123,4.334261E-05,0.0001183836,0.001760534,0.03831786,0.004477883,0.1666726,0.4783765,0.059444,0.2497812
75,0.0006192603,0.0003093534,3.987749E-05,0.0001089723,0.001629498,0.03590872,0.004145734,0.1579657,0.5120101,0.05615107,0.2311118
76,0.0005880597,0.0002914243,3.768291E-05,0.000103123,0.001557902,0.03464281,0.004020655,0.1531347,0.5403814,0.05276628,0.2124759
77,0.0005468705,0.0002688851,3.486955E-05,9.570667E-05,0.001465868,0.03283775,0.003885498,0.1462501,0.570955,0.04836535,0.1952942
78,0.000555247,0.0002707272,3.522232E-05,9.679095E-05,0.001507476,0.03385148,0.00412004,0.1492804,0.5811363,0.04627213,0.1828742
79,0.000629375,0.0003041001,3.974049E-05,0.000108871,0.001720641,0.0385964,0.00478916,0.1644282,0.5680308,0.04748658,0.173866
80,0.0007536252,0.0003606471,4.743181E-05,0.0001289617,0.002057269,0.04609196,0.005723015,0.1871068,0.5340649,0.05134181,0.1723235
81,0.000756386,0.0003590868,4.759591E-05,0.000128364,0.00204771,0.04622084,0.0055821,0.1833934,0.5144789,0.05209764,0.1948879
82,0.000703486,0.0003314441,4.426112E-05,0.0001185053,0.001887261,0.04304935,0.005024265,0.1698904,0.5088766,0.05166863,0.2184058
83,0.0006174691,0.0002888118,3.879363E-05,0.0001034956,0.001652919,0.03813131,0.004367419,0.1528483,0.5341655,0.04933397,0.2184519
84,0.0005807054,0.0002694437,3.635825E-05,9.678962E-05,0.00156186,0.03625864,0.004173443,0.14662,0.5575826,0.04743169,0.2053885
85,0.000547601,0.0002526098,3.41405E-05,9.081953E-05,0.001501252,0.0348223,0.004132869,0.1429837,0.5872382,0.0438324,0.1845641
86,0.000485624,0.0002228935,3.015269E-05,8.039705E-05,0.001356876,0.03156297,0.003903834,0.1326429,0.6229904,0.03907858,0.1676452
87,0.0004477305,0.0002044534,2.767044E-05,7.404892E-05,0.001285769,0.02981396,0.003933759,0.1276762,0.6509367,0.03486821,0.1507315
88,0.0004540823,0.0002062215,2.79179E-05,7.489924E-05,0.00134617,0.03088299,0.00441351,0.1328095,0.6611642,0.03257445,0.1360459
89,0.00048489,0.0002190245,2.966991E-05,7.963036E-05,0.001480185,0.03348863,0.00515769,0.1431893,0.657751,0.03162939,0.1264906
90,0.0005481112,0.0002462465,3.34167E-05,8.933863E-05,0.001702803,0.03802575,0.006151483,0.1590749,0.6376194,0.03237707,0.1241314
91,0.0006784919,0.0003029316,4.127788E-05,0.0001091895,0.002105057,0.04655251,0.007608175,0.1852326,0.5963198,0.03561002,0.12544
92,0.0008558654,0.0003795198,5.205453E-05,0.0001355663,0.002615883,0.05756527,0.009211365,0.2162281,0.53817,0.04093144,0.1338549
93,0.001093802,0.0004813359,6.668283E-05,0.0001699786,0.003243594,0.0714597,0.01078492,0.249459,0.4676244,0.04821844,0.1473982
94,0.001303112,0.0005690002,7.983379E-05,0.0001985043,0.00372346,0.08258722,0.01147243,0.2699945,0.392553,0.05650822,0.1810108
95,0.001342865,0.0005822079,8.282163E-05,0.0002006762,0.003690989,0.08289796,0.01042147,0.2602031,0.3286438,0.0638032,0.2481309
96,0.001117792,0.0004821005,6.934745E-05,0.0001644644,0.002971752,0.06803931,0.007717727,0.2170037,0.3105253,0.06829511,0.3236133
97,0.0007167892,0.000311578,4.471879E-05,0.0001053587,0.002053086,0.0462974,0.005110033,0.1690232,0.474344,0.04996796,0.252026
98,0.0004568508,0.0002001029,2.850735E-05,6.764321E-05,0.001340786,0.03097496,0.003488745,0.122629,0.6308218,0.0357809,0.1742107
99,0.0003159456,0.0001394531,1.965044E-05,4.765271E-05,0.001005839,0.02316264,0.003067255,0.09994257,0.7358036,0.02398257,0.1125128
100,0.0002986361,0.0001326469,1.847254E-05,4.561246E-05,0.00106519,0.02352618,0.004003975,0.1057858,0.7644703,0.01868423,0.08196894
101,0.0003590228,0.0001601096,2.20576E-05,5.489033E-05,0.001424841,0.02959873,0.006421133,0.1332345,0.7455133,0.01744058,0.06577086
102,0.0004857783,0.0002173308,2.974482E-05,7.368452E-05,0.002038305,0.04045889,0.01009201,0.175759,0.6917574,0.01880763,0.0602803
103,0.0006799996,0.0003047954,4.167576E-05,0.0001014572,0.002844698,0.05539298,0.01418432,0.2245681,0.6177734,0.02195751,0.06215111
104,0.0009431019,0.0004227586,5.807765E-05,0.0001375803,0.003785736,0.07373989,0.01796164,0.2736174,0.5312887,0.02657892,0.07146622
105,0.001248004,0.0005586549,7.748791E-05,0.0001775241,0.004717893,0.09305295,0.02063199,0.315511,0.4380132,0.03270995,0.09330143
106,0.001454055,0.0006498027,9.127671E-05,0.0002017976,0.005145473,0.1037025,0.02037377,0.3286979,0.3526714,0.04007959,0.1469324
107,0.001313417,0.0005868739,8.340908E-05,0.0001787516,0.004371515,0.09087431,0.01558936,0.2863335,0.3182985,0.04707339,0.2352971
108,0.0009030189,0.0004044762,5.777301E-05,0.0001218651,0.002874288,0.06221216,0.009369705,0.2129336,0.3860994,0.04970354,0.2753204
109,0.0007325872,0.0003256352,4.670683E-05,9.76253E-05,0.00201809,0.0476558,0.006158373,0.1628982,0.400109,0.06296382,0.3169941
110,0.0005619308,0.0002478803,3.551729E-05,7.427651E-05,0.001528041,0.03655014,0.004515162,0.1364353,0.4979264,0.05831331,0.263812
111,0.0004559397,0.0001993035,2.848272E-05,5.987255E-05,0.001243835,0.02989836,0.003715515,0.1193889,0.5842702,0.05019917,0.2105405
112,0.0004099376,0.0001773351,2.528186E-05,5.352778E-05,0.00113896,0.02724135,0.003574939,0.1136102,0.640048,0.04328289,0.1704375
113,0.0003825767,0.0001637995,2.330669E-05,4.976675E-05,0.001095479,0.02587928,0.003704917,0.1116351,0.6781297,0.03712912,0.141807
114,0.0003703005,0.0001570337,2.231271E-05,4.804765E-05,0.001100072,0.02551217,0.004044869,0.1128462,0.6999683,0.03237671,0.123554
115,0.0004244797,0.0001781749,2.531798E-05,5.46982E-05,0.001298377,0.02938393,0.005092722,0.1282918,0.6897988,0.03171672,0.1137349
116,0.0004950748,0.0002058936,2.928129E-05,6.328786E-05,0.001545576,0.03419888,0.006331851,0.1468655,0.6663808,0.03247935,0.1114045
117,0.0005856169,0.0002415589,3.443166E-05,7.410864E-05,0.001830619,0.03989366,0.007530052,0.1661762,0.6302897,0.03475595,0.1185881
118,0.0007040255,0.000288149,4.122434E-05,8.80005E-05,0.002171382,0.04689829,0.008707987,0.1878248,0.5811688,0.03884301,0.1332645
119,0.0008612617,0.000349766,5.029741E-05,0.0001060986,0.002591006,0.05575401,0.009893439,0.2132076,0.5175637,0.04517354,0.1544492
120,0.0009542867,0.0003850638,5.56741E-05,0.0001159231,0.002783228,0.06009718,0.009950697,0.2234208,0.4575487,0.05166517,0.1930233
121,0.0009478876,0.0003802382,5.520704E-05,0.0001136276,0.002595142,0.05750605,0.008589189,0.2095824,0.4003798,0.06122883,0.2586217
122,0.0008630312,0.0003445952,5.008139E-05,0.0001022185,0.002297567,0.05136912,0.007078986,0.1917122,0.3904596,0.06545082,0.2902717
123,0.0007772705,0.0003090095,4.482603E-05,9.104201E-05,0.002025431,0.04567033,0.005888536,0.1759783,0.4108281,0.0672117,0.2911755
124,0.0006869781,0.0002719957,3.929661E-05,7.969375E-05,0.001765669,0.04010921,0.004933615,0.1602027,0.4543696,0.06541946,0.2721217
125,0.0005990466,0.0002362322,3.395136E-05,6.895647E-05,0.001531603,0.03498402,0.004206273,0.1447584,0.5094969,0.06042682,0.2436578
126,0.0005711613,0.0002240297,3.205047E-05,6.52122E-05,0.001462411,0.03340078,0.004025663,0.1401988,0.5460534,0.05661443,0.2173521
127,0.0006022911,0.0002346545,3.346788E-05,6.810028E-05,0.00154696,0.03516397,0.004295204,0.1462451,0.5586366,0.05554768,0.1976259
128,0.0006748431,0.0002609641,3.71808E-05,7.544103E-05,0.001732986,0.03914592,0.004816648,0.1585267,0.5500732,0.05682463,0.1878314
129,0.000771908,0.0002962348,4.225101E-05,8.51919E-05,0.001968266,0.04424717,0.005380149,0.1725141,0.5246224,0.05992233,0.1901499
130,0.0008830266,0.0003363029,4.811283E-05,9.607745E-05,0.002220262,0.04979223,0.005858042,0.1857081,0.4868905,0.06456849,0.2035989
131,0.0009341864,0.00035347,5.076662E-05,0.0001002261,0.002307839,0.05184324,0.005807207,0.187328,0.4493413,0.06846214,0.2334717
132,0.0008563721,0.0003226875,4.646544E-05,9.078936E-05,0.002080313,0.04706151,0.004985047,0.1703242,0.4304143,0.06925059,0.2745678
133,0.0007200408,0.0002711822,3.902573E-05,7.585113E-05,0.001803588,0.0404372,0.004219826,0.1540379,0.4797841,0.05989451,0.2587167
134,0.0005915539,0.0002228655,3.197717E-05,6.214236E-05,0.001490878,0.03379781,0.003518677,0.1342757,0.5403726,0.0533324,0.2323035
135,0.0004915524,0.0001853086,2.647058E-05,5.168604E-05,0.001266014,0.02886017,0.003138427,0.1198696,0.6065084,0.04530867,0.1942937
136,0.0004181197,0.0001577674,2.242277E-05,4.417362E-05,0.001120426,0.02546988,0.003040469,0.1104716,0.6647679,0.03719267,0.1572945
137,0.0003862337,0.000145818,2.062299E-05,4.105001E-05,0.001093834,0.02449368,0.003345614,0.1096263,0.7008345,0.03110729,0.128905
138,0.0004153265,0.0001566864,2.206941E-05,4.422661E-05,0.001243812,0.02713055,0.004260964,0.1217594,0.7047025,0.02859247,0.111672
139,0.0005053166,0.0001902315,2.673111E-05,5.358308E-05,0.001571739,0.03335033,0.005792491,0.1454909,0.6809983,0.02916726,0.1028532
140,0.0006561481,0.0002462872,3.460233E-05,6.893909E-05,0.00207146,0.04300773,0.007851181,0.1792052,0.6300468,0.0324467,0.1043648
141,0.0008602589,0.0003217055,4.533472E-05,8.915945E-05,0.002681802,0.05508871,0.009928687,0.2152669,0.5644317,0.03766532,0.1136203
142,0.001002371,0.000373796,5.29531E-05,0.0001024638,0.003040564,0.06249812,0.01065417,0.2319398,0.5032844,0.04289235,0.1441589
143,0.0009809982,0.0003655971,5.204503E-05,9.915502E-05,0.002884367,0.05989236,0.009429276,0.2188654,0.4625313,0.04705414,0.1978453
144,0.000900105,0.0003355751,4.787815E-05,9.012161E-05,0.002579332,0.0542109,0.007917703,0.2003344,0.4519102,0.05040559,0.2312683
145,0.0008038889,0.0003008049,4.282393E-05,7.994442E-05,0.002350031,0.04895433,0.006920832,0.1885745,0.4895548,0.04736446,0.2150535
146,0.0006565474,0.0002469715,3.499231E-05,6.520814E-05,0.001915392,0.0404356,0.00555607,0.1623401,0.5504763,0.04319667,0.1950762
147,0.0005641729,0.0002132487,3.004046E-05,5.606582E-05,0.001666085,0.03536502,0.00491397,0.146711,0.601627,0.0383952,0.170458
148,0.0005178069,0.0001965678,2.752166E-05,5.154187E-05,0.001567937,0.03317242,0.004835077,0.1409136,0.6370712,0.0343188,0.1473276
149,0.0005074038,0.0001933235,2.691531E-05,5.056243E-05,0.001584997,0.03318529,0.005173476,0.1426697,0.6544816,0.0314738,0.1306529
150,0.0005155478,0.000197083,2.730866E-05,5.138436E-05,0.001659874,0.03428232,0.005718196,0.1479536,0.659049,0.02964222,0.1209035
151,0.0005079713,0.0001949655,2.690443E-05,5.068382E-05,0.001680974,0.03427998,0.006063445,0.1490911,0.6641434,0.02780438,0.1161563
152,0.0005703093,0.0002193554,3.01912E-05,5.664125E-05,0.001917007,0.03852396,0.007103246,0.1641713,0.6436942,0.02846088,0.115253
153,0.0006554983,0.0002524535,3.470335E-05,6.4633E-05,0.002216961,0.04401122,0.008298289,0.1828516,0.6140225,0.03030477,0.1172873
154,0.0007154029,0.0002759599,3.794207E-05,6.998031E-05,0.002403884,0.04751143,0.008874868,0.1931315,0.5864443,0.03228645,0.1282483
155,0.0006581692,0.0002548503,3.50409E-05,6.414368E-05,0.002188948,0.04349945,0.007879496,0.1782705,0.590056,0.03222577,0.1448676
156,0.0005536173,0.0002154451,2.956323E-05,5.400168E-05,0.001842797,0.03681759,0.006582481,0.1560531,0.6222779,0.03022654,0.145347
157,0.0006019706,0.0002324043,3.209289E-05,5.829119E-05,0.00173557,0.03757743,0.006051469,0.1480787,0.5707978,0.0428535,0.1919809
158,0.0006010469,0.0002303081,3.194569E-05,5.780234E-05,0.001723792,0.03709013,0.005895221,0.1486195,0.5724231,0.04517446,0.1881527
159,0.0005990101,0.0002278617,3.172134E-05,5.719184E-05,0.001709932,0.03657519,0.005738826,0.1483743,0.5734097,0.04656993,0.1867063
160,0.0005960835,0.0002251709,3.14409E-05,5.650047E-05,0.001695304,0.03605617,0.005593088,0.1477155,0.5750858,0.04733097,0.1856139
161,0.0006113686,0.0002292855,3.210714E-05,5.749148E-05,0.00173304,0.0366196,0.005625932,0.1502795,0.5722069,0.04842437,0.1841804
162,0.0006358651,0.0002367622,3.325057E-05,5.929597E-05,0.001795553,0.03769639,0.005727549,0.1541471,0.5661659,0.04976871,0.1837337
163,0.0006550249,0.0002422408,3.412151E-05,6.05695E-05,0.001840233,0.03843044,0.005748085,0.1563916,0.5591328,0.05095929,0.1865057
164,0.0006994,0.000256773,3.62983E-05,6.405196E-05,0.001950286,0.04050926,0.005932832,0.162393,0.5438144,0.05329033,0.1910533
165,0.0007380435,0.000269062,3.818381E-05,6.692138E-05,0.002039057,0.04218601,0.006011548,0.1666168,0.528469,0.05575119,0.1978141
166,0.0007918789,0.0002865724,4.085607E-05,7.101573E-05,0.00216181,0.04458141,0.006133874,0.1723764,0.5067287,0.05917262,0.2076548
167,0.000808506,0.0002906848,4.163059E-05,7.173674E-05,0.002178808,0.04490228,0.005926181,0.1714582,0.4904961,0.06179031,0.2220356
168,0.0008511706,0.0003038346,4.373331E-05,7.46242E-05,0.002261473,0.04656384,0.00587439,0.1743783,0.4684956,0.06567357,0.2354795
169,0.0007373972,0.0002649406,3.791122E-05,6.4236E-05,0.002113561,0.04183749,0.005374655,0.1668606,0.5315333,0.05106664,0.2001093
170,0.0006158128,0.0002228361,3.167986E-05,5.351593E-05,0.001774112,0.03544157,0.004521105,0.145251,0.5789043,0.0449676,0.1882164
171,0.0005124963,0.0001868438,2.637094E-05,4.461811E-05,0.001508388,0.0302364,0.003998469,0.1283811,0.6345915,0.03816881,0.162345
172,0.0004329378,0.0001590646,2.22793E-05,3.791591E-05,0.00132734,0.02645493,0.003812696,0.1169141,0.6857097,0.031477,0.1336521
173,0.0004350503,0.0001607553,2.236496E-05,3.820763E-05,0.001401487,0.02738519,0.00443484,0.1225239,0.7007932,0.02828678,0.1145182
174,0.0004629869,0.0001719584,2.378303E-05,4.070941E-05,0.001565561,0.02982908,0.005418756,0.133869,0.6995492,0.02663682,0.1024321
175,0.0005436638,0.0002026782,2.791895E-05,4.759864E-05,0.001891942,0.03521018,0.006893497,0.1543712,0.6742344,0.02739107,0.09918588
176,0.0006772982,0.0002530947,3.48055E-05,5.875046E-05,0.002371693,0.04338828,0.008737312,0.1822125,0.6298449,0.03021336,0.102208
177,0.0008476035,0.0003171763,4.365973E-05,7.258324E-05,0.002926056,0.05308424,0.01050438,0.2113947,0.5729166,0.03465347,0.1132395
178,0.0009863945,0.0003696299,5.104036E-05,8.329716E-05,0.003310384,0.06012568,0.01125912,0.2283138,0.5173116,0.03963922,0.1385499
179,0.001015351,0.0003814095,5.285648E-05,8.466082E-05,0.00329723,0.06043309,0.01047612,0.2241633,0.4757493,0.04428394,0.1800626
180,0.0009921164,0.0003737278,5.191409E-05,8.174175E-05,0.003124757,0.05793669,0.009277041,0.2139584,0.450325,0.04885479,0.2150238
181,0.0008051301,0.000307099,4.239499E-05,6.601439E-05,0.002650886,0.04818804,0.007519284,0.1910593,0.5104417,0.0422858,0.1966344
182,0.0006206154,0.0002399103,3.283272E-05,5.096307E-05,0.00204224,0.03778962,0.005733748,0.1574389,0.5838987,0.03708423,0.1750683
183,0.0005154235,0.0002018153,2.734101E-05,4.25207E-05,0.001734067,0.03225129,0.005050347,0.1401631,0.6422583,0.031764,0.1459918
184,0.0004025251,0.0001598183,2.140834E-05,3.36405E-05,0.001424831,0.02635122,0.004531225,0.1216971,0.706452,0.02495706,0.1139693
185,0.0003124378,0.0001258776,1.666549E-05,2.665607E-05,0.001205222,0.02173867,0.004424063,0.1078414,0.7599408,0.01855802,0.08581015
186,0.0002747103,0.0001122753,1.468564E-05,2.395539E-05,0.001193579,0.02037937,0.005280523,0.1078402,0.784485,0.01443906,0.06595664
187,0.0002787547,0.0001155066,1.492449E-05,2.472029E-05,0.001367194,0.02170131,0.007215434,0.1201067,0.782423,0.01244752,0.0543048
188,0.000333465,0.0001398619,1.787794E-05,2.973438E-05,0.001769174,0.02631299,0.01042399,0.1457341,0.7531366,0.01241132,0.04969085
189,0.0004399486,0.0001865063,2.364322E-05,3.913035E-05,0.002421974,0.03432604,0.01502585,0.1856508,0.6957158,0.01404079,0.05212944
190,0.000547878,0.0002347293,2.961056E-05,4.842579E-05,0.002981135,0.04147869,0.01823214,0.2161079,0.6428362,0.01616774,0.06133556
191,0.0006747211,0.0002918764,3.67365E-05,5.904673E-05,0.003525385,0.04903397,0.02043707,0.2439428,0.5853891,0.01928978,0.07731955
192,0.0007597046,0.000331865,4.173177E-05,6.589753E-05,0.003770672,0.05309356,0.02032805,0.2564748,0.5417606,0.02291049,0.1004627
193,0.0009077914,0.0003958638,5.01598E-05,7.796918E-05,0.003687348,0.05812976,0.01814103,0.2508307,0.4719403,0.03517684,0.1606621
194,0.0009558745,0.0004161261,5.302838E-05,8.127904E-05,0.003688222,0.0588174,0.01650911,0.2528473,0.432667,0.04237167,0.191593
195,0.0009518224,0.0004137782,5.292228E-05,8.018147E-05,0.003504255,0.0566465,0.01430363,0.2456041,0.4159298,0.0485917,0.2139213
196,0.000885061,0.0003843877,4.924043E-05,7.398897E-05,0.003128483,0.05135259,0.01171877,0.2275309,0.4257185,0.05236243,0.2267957
197,0.0007881502,0.0003420174,4.379547E-05,6.550477E-05,0.002697242,0.04494245,0.009391622,0.2048955,0.4589187,0.0530588,0.2248562
198,0.0007542088,0.0003266425,4.177991E-05,6.226741E-05,0.002517629,0.04236241,0.008274434,0.1952145,0.4832339,0.05352191,0.2136904
199,0.0007539334,0.0003255951,4.160676E-05,6.17957E-05,0.002467484,0.04178405,0.007742698,0.1922871,0.4991817,0.0541224,0.2012316
200,0.000826567,0.0003554429,4.54585E-05,6.70886E-05,0.002649714,0.04501307,0.00793314,0.2015414,0.490132,0.05709315,0.1943429
201,0.000894244,0.0003827949,4.908085E-05,7.183263E-05,0.002804783,0.04784726,0.007987088,0.2080084,0.4735697,0.06036005,0.1980247
202,0.0008998071,0.0003836205,4.937977E-05,7.15717E-05,0.002756224,0.04739385,0.00741511,0.2016331,0.4604169,0.06227159,0.2167088
203,0.0008252191,0.0003506872,4.531053E-05,6.509736E-05,0.002474893,0.04303649,0.00631182,0.1830238,0.4633783,0.06199578,0.2384926
204,0.0007546311,0.0003195963,4.141609E-05,5.906531E-05,0.002227488,0.03914222,0.0054535,0.1677569,0.4789583,0.06116807,0.2441188
205,0.0006343502,0.0002681514,3.481865E-05,4.949337E-05,0.001908456,0.03350088,0.004608574,0.1498284,0.5386747,0.05304813,0.217444
206,0.0005163106,0.0002179,2.832281E-05,4.030718E-05,0.001565738,0.02779381,0.003852706,0.129322,0.5997297,0.04572027,0.191213
207,0.0004332537,0.0001824932,2.373432E-05,3.394981E-05,0.001346153,0.02399438,0.003514322,0.1161986,0.6554213,0.03840963,0.1604421
208,0.0003932534,0.0001652375,2.150138E-05,3.097727E-05,0.001271297,0.02251698,0.003640984,0.112537,0.6926141,0.03275922,0.1340495
209,0.0003726051,0.0001562133,2.033663E-05,2.954476E-05,0.001266773,0.02209681,0.004046424,0.1135317,0.7159719,0.02833207,0.1141756
210,0.0003835869,0.0001604749,2.090247E-05,3.056983E-05,0.001371836,0.02339609,0.004855455,0.1218082,0.719559,0.02596072,0.1024532
211,0.0004525154,0.0001887793,2.461883E-05,3.604163E-05,0.001674533,0.02787074,0.006343073,0.142465,0.6971371,0.02647783,0.09732977
212,0.0005760163,0.0002394998,3.131581E-05,4.56307E-05,0.002158573,0.03523959,0.008403875,0.17323,0.6522425,0.02936084,0.0984723
213,0.0007504406,0.0003108866,4.084867E-05,5.888529E-05,0.00277783,0.04492798,0.01062329,0.2088988,0.5897648,0.03429748,0.1075487
214,0.0009419718,0.0003887762,5.146137E-05,7.303614E-05,0.00338155,0.05472836,0.01226072,0.2394218,0.5201847,0.0405774,0.1279902
215,0.001102456,0.000453365,6.056444E-05,8.436987E-05,0.003802922,0.06204507,0.01279157,0.257337,0.4490193,0.04786427,0.1654391
216,0.00106643,0.0004377712,5.89876E-05,8.076181E-05,0.003533211,0.05861527,0.01092904,0.2398591,0.4059584,0.05365986,0.2258012
217,0.0008640149,0.000356179,4.806456E-05,6.502074E-05,0.00290192,0.04796655,0.00837766,0.2080703,0.4464348,0.05007251,0.2348429
218,0.0006482538,0.0002685856,3.6164E-05,4.876403E-05,0.002142406,0.03632427,0.00596966,0.1663158,0.5309865,0.04523501,0.2120246
219,0.0004762679,0.0001983125,2.657495E-05,3.603568E-05,0.001589617,0.0274056,0.004520145,0.1334792,0.6295458,0.03667052,0.166052
220,0.0003646747,0.0001525307,2.032402E-05,2.792365E-05,0.001270771,0.02192264,0.003949913,0.113603,0.7075151,0.02806941,0.1231036
221,0.0003214403,0.0001349195,1.787931E-05,2.494538E-05,0.001203901,0.02031201,0.004307844,0.1102368,0.7466374,0.02233424,0.09446859
222,0.0002924922,0.0001232678,1.624933E-05,2.30683E-05,0.001201452,0.01948495,0.005061165,0.1110025,0.7700583,0.01792548,0.07481105
223,0.0003102553,0.0001312455,1.721841E-05,2.473113E-05,0.001387121,0.0213886,0.00672612,0.1244758,0.7641296,0.01617073,0.06523861
224,0.0003812186,0.0001617126,2.114788E-05,3.043527E-05,0.001790782,0.02641365,0.009431252,0.1509129,0.7330503,0.01661748,0.06118916
225,0.0004715395,0.0002006327,2.620203E-05,3.759118E-05,0.002266038,0.03238467,0.01241472,0.1811188,0.6869956,0.01827692,0.06580722
226,0.0005450348,0.0002327837,3.042802E-05,4.32823E-05,0.00258428,0.03656677,0.0139473,0.1984538,0.6502391,0.02011714,0.07724005
227,0.000603669,0.0002588415,3.390141E-05,4.770893E-05,0.002785033,0.03943045,0.01447762,0.2088953,0.6176866,0.02244671,0.09333411
228,0.0006073689,0.0002616683,3.433061E-05,4.787873E-05,0.002718652,0.03881694,0.01350135,0.2050809,0.6047195,0.02439178,0.1098197
229,0.0004992207,0.0002174868,2.840382E-05,3.956405E-05,0.002238178,0.03196738,0.0107483,0.1777048,0.6427958,0.02285171,0.1109092
230,0.0004203677,0.000185145,2.401299E-05,3.362653E-05,0.001891474,0.02712701,0.009096403,0.1576505,0.6809289,0.02096752,0.1016749
231,0.0003626073,0.0001614824,2.075843E-05,2.94025E-05,0.001679669,0.02385831,0.008407404,0.1457539,0.7138973,0.01858739,0.08724185
232,0.0003126716,0.0001408596,1.792557E-05,2.582154E-05,0.001525861,0.02117769,0.008210191,0.1369028,0.7425983,0.01589861,0.07318921
233,0.000300533,0.0001369593,1.724379E-05,2.525672E-05,0.001560382,0.0208802,0.009146526,0.1407436,0.7484805,0.01432289,0.06438586
234,0.0003045541,0.000140447,1.749337E-05,2.602141E-05,0.001678578,0.02156157,0.01065568,0.1500856,0.7430431,0.013427,0.05906005
235,0.0003683339,0.0001717206,2.118154E-05,3.167259E-05,0.002082039,0.02587385,0.01370704,0.1775548,0.706911,0.0143217,0.05895665
236,0.0005134834,0.0002415314,2.957432E-05,4.401072E-05,0.002883011,0.03503134,0.01892833,0.2289988,0.633518,0.01726199,0.06254996
237,0.0007411924,0.0003513039,4.288035E-05,6.290946E-05,0.003979493,0.0482599,0.02481376,0.293024,0.535466,0.02201937,0.07123921
238,0.001069735,0.0005100947,6.235343E-05,8.941273E-05,0.00534071,0.06567948,0.03042492,0.3638219,0.4169089,0.02884285,0.08724961
239,0.001378302,0.0006607699,8.122095E-05,0.0001133264,0.006327036,0.0798013,0.03221055,0.4068384,0.3135874,0.03671311,0.1222885
240,0.001621745,0.0007807998,9.675094E-05,0.0001309479,0.006838727,0.08876331,0.03082484,0.4206713,0.2352079,0.04514465,0.1699191
241,0.001635449,0.0007973185,9.925614E-05,0.0001296331,0.007118944,0.08889788,0.02838302,0.4330671,0.1998896,0.04553631,0.1944456
242,0.001336794,0.0006611421,8.263387E-05,0.0001053568,0.005386163,0.07143237,0.0190452,0.3554657,0.2221335,0.05170212,0.2726491
243,0.000920171,0.0004616166,5.759125E-05,7.300278E-05,0.003508696,0.04954506,0.01125779,0.2647794,0.3471003,0.05044679,0.2718496
244,0.0006384422,0.0003248342,4.023037E-05,5.128491E-05,0.002375336,0.03515884,0.007296914,0.1982959,0.5085363,0.04096851,0.2063134
245,0.0004500716,0.0002321022,2.843562E-05,3.695634E-05,0.001703322,0.0259368,0.00540863,0.1552035,0.6354296,0.03058568,0.1449849
246,0.0003326059,0.0001737803,2.10395E-05,2.815928E-05,0.001338248,0.02046192,0.004752443,0.1299683,0.7181484,0.02190812,0.102867
247,0.000343629,0.00018174,2.174506E-05,2.967958E-05,0.001467579,0.02204789,0.005838878,0.1404216,0.724404,0.0193795,0.08586366
248,0.0004286323,0.0002289171,2.710453E-05,3.744721E-05,0.001934328,0.02821044,0.008542586,0.1762605,0.6852672,0.02005097,0.07901195
249,0.0005581458,0.0003009241,3.539951E-05,4.900221E-05,0.002547976,0.03674518,0.01167254,0.2202604,0.6222355,0.02269254,0.08290241
250,0.0006653402,0.0003621281,4.249337E-05,5.852288E-05,0.002963758,0.04317901,0.01331261,0.2473772,0.5671636,0.0256764,0.09919885
251,0.0006875102,0.0003777718,4.43269E-05,6.06736E-05,0.002946345,0.04400355,0.01263823,0.2457444,0.5387896,0.02812668,0.1265809
252,0.0006455224,0.0003579178,4.198731E-05,5.733568E-05,0.002670065,0.04107617,0.01094091,0.2293559,0.5361392,0.02983952,0.1488755
253,0.0006513928,0.0003583672,4.245311E-05,5.810481E-05,0.002240679,0.03878012,0.008665869,0.1999405,0.4912803,0.04302165,0.2149606
254,0.0005480087,0.0002990834,3.565948E-05,4.923073E-05,0.001843536,0.03250048,0.006830984,0.1752241,0.5250081,0.04363449,0.2140264
255,0.0004805695,0.0002599174,3.110804E-05,4.350654E-05,0.001600368,0.02858136,0.005831843,0.1601032,0.5646521,0.04212211,0.1962938
256,0.0004513068,0.0002417407,2.899604E-05,4.118534E-05,0.00150359,0.0270233,0.005517511,0.1553472,0.593758,0.04031237,0.1757748
257,0.0004169464,0.0002212551,2.657681E-05,3.844057E-05,0.001402301,0.02527918,0.005276597,0.1492419,0.6241294,0.03713087,0.1568366
258,0.0004420427,0.0002324147,2.795898E-05,4.107158E-05,0.001500349,0.0269605,0.005791011,0.1586699,0.6221587,0.03667362,0.1475024
259,0.0005121166,0.0002668723,3.217572E-05,4.780736E-05,0.001742014,0.03115331,0.006805151,0.1787125,0.5991973,0.03851012,0.1430206
260,0.0006338611,0.0003275323,3.964549E-05,5.92357E-05,0.002133281,0.03805707,0.008224724,0.20839,0.5531377,0.04293888,0.146058
261,0.0007567161,0.0003880659,4.725526E-05,7.066841E-05,0.002490224,0.04459883,0.009237737,0.2325629,0.4998706,0.04831527,0.1616616
262,0.0008812221,0.0004487092,5.508618E-05,8.206397E-05,0.002808867,0.05075734,0.009805236,0.2507637,0.4420955,0.05474187,0.1875604
263,0.0008213741,0.0004159981,5.150414E-05,7.648926E-05,0.002534893,0.04665198,0.008263751,0.2274956,0.4204034,0.05737089,0.2359141
264,0.0007406413,0.0003729005,4.647522E-05,6.897681E-05,0.00222488,0.04170048,0.006837184,0.2042845,0.4210834,0.05906249,0.2635781
265,0.0005881686,0.0002944546,3.687176E-05,5.501868E-05,0.001773898,0.03360368,0.005277838,0.1727491,0.4939237,0.05252575,0.2391715
266,0.0004910902,0.0002441849,3.067413E-05,4.621855E-05,0.001479245,0.02846659,0.00441851,0.1507693,0.5604789,0.0465485,0.2070267
267,0.0003830465,0.0001891615,2.380961E-05,3.648759E-05,0.001176183,0.02287904,0.003695382,0.1270214,0.6414874,0.03754795,0.1655601
268,0.0003182582,0.0001559908,1.967329E-05,3.079294E-05,0.00102063,0.01979038,0.003549894,0.1144891,0.700933,0.02969242,0.1299999
269,0.0002778311,0.0001351795,1.707938E-05,2.739949E-05,0.0009548551,0.01814725,0.003838248,0.1094871,0.742327,0.02337284,0.1014151
270,0.0003010054,0.000145396,1.840184E-05,3.007926E-05,0.001109464,0.02033137,0.005112673,0.1233003,0.7425696,0.02112257,0.08595925
271,0.0003680967,0.0001766155,2.240948E-05,3.705136E-05,0.001427312,0.02520368,0.007235995,0.1497217,0.7158337,0.02138255,0.07859088
272,0.0004837929,0.0002307994,2.940914E-05,4.877374E-05,0.001910385,0.03287202,0.01006769,0.187214,0.6622854,0.02395113,0.0809067
273,0.00058527,0.000278113,3.567002E-05,5.899006E-05,0.002281624,0.03897295,0.01184925,0.212255,0.6126745,0.02685607,0.09415267
274,0.0006684736,0.0003166372,4.094003E-05,6.724642E-05,0.002528603,0.04338079,0.01254745,0.2267356,0.5656248,0.03040065,0.1176889
275,0.0007122319,0.0003364663,4.386194E-05,7.151651E-05,0.002601404,0.04513825,0.01218593,0.2302188,0.5285028,0.03433321,0.1458554
276,0.0006878444,0.0003243246,4.256841E-05,6.907655E-05,0.002430195,0.0428693,0.01072617,0.2187349,0.5159709,0.0373906,0.1707541
277,0.0006374864,0.0003022233,3.964152E-05,6.422427E-05,0.002300204,0.04012262,0.009710612,0.2122455,0.5319717,0.03588805,0.1667178
278,0.0004946867,0.0002360927,3.086744E-05,5.04383E-05,0.001770272,0.03156573,0.007314452,0.1749915,0.597148,0.03220291,0.1541951
279,0.000435776,0.0002090862,2.720471E-05,4.49944E-05,0.001576263,0.02832261,0.006615066,0.1615932,0.6354402,0.0291071,0.1366285
280,0.0003537387,0.0001707025,2.206632E-05,3.726219E-05,0.001326628,0.02380699,0.005893315,0.1427054,0.6904895,0.02401321,0.1111813
281,0.0002991041,0.0001451786,1.863164E-05,3.227081E-05,0.001191942,0.02101683,0.005825485,0.1321714,0.7297619,0.01947779,0.0900595
282,0.0002925798,0.0001428158,1.818843E-05,3.225563E-05,0.001254305,0.02134444,0.006860332,0.1380894,0.738596,0.01702313,0.07634653
283,0.000314331,0.0001543218,1.951166E-05,3.526394E-05,0.001439483,0.02350244,0.008681256,0.1536407,0.7277853,0.01600649,0.06842093
284,0.0003648331,0.0001802007,2.265264E-05,4.14181E-05,0.001739704,0.02744337,0.01112917,0.1773684,0.6982517,0.01636024,0.06709833
285,0.0004545166,0.0002258234,2.829269E-05,5.186087E-05,0.00217928,0.03370112,0.01409405,0.2097804,0.6500857,0.01814181,0.07125719
286,0.000551077,0.0002754303,3.448022E-05,6.301398E-05,0.002590915,0.0398916,0.0163381,0.2382581,0.5988351,0.02073919,0.08242295
287,0.0005698971,0.0002868641,3.594369E-05,6.547667E-05,0.002587895,0.04035637,0.01549441,0.2361971,0.5795439,0.02266617,0.1021959
288,0.0005392698,0.0002733957,3.42608E-05,6.24296E-05,0.002370646,0.03762956,0.01346142,0.2206561,0.58323,0.02393064,0.1178122
289,0.0005756309,0.0002908805,3.667096E-05,6.697656E-05,0.002176782,0.03787689,0.01166186,0.2062783,0.5550933,0.03202067,0.153922
290,0.0005507582,0.0002773967,3.510229E-05,6.445281E-05,0.002035532,0.03568927,0.01037466,0.1971575,0.5647117,0.0337847,0.1553191
291,0.0005456053,0.0002738047,3.473223E-05,6.415538E-05,0.00198049,0.03489537,0.009687592,0.1939306,0.5700421,0.03512505,0.1534204
292,0.0005322434,0.000266173,3.381831E-05,6.29109E-05,0.001906041,0.03372959,0.009016173,0.1887473,0.57988,0.03553795,0.1502877
293,0.0005088811,0.0002536922,3.226715E-05,6.051745E-05,0.001805114,0.03207809,0.008314244,0.1810498,0.5934754,0.03507276,0.1473493
294,0.0005007405,0.0002488455,3.167402E-05,5.990231E-05,0.001766029,0.03144801,0.007980893,0.1780223,0.6010174,0.03476282,0.1441613
295,0.0005626496,0.0002785434,3.550229E-05,6.745094E-05,0.001965775,0.03495855,0.008682721,0.193008,0.5803484,0.03699521,0.1430972
296,0.0006397569,0.0003155061,4.030493E-05,7.67429E-05,0.002205883,0.03923523,0.009462072,0.2104617,0.5504893,0.04020204,0.1468714
297,0.0007327631,0.0003601105,4.618452E-05,8.778759E-05,0.002469447,0.04413217,0.01009621,0.2276637,0.5099581,0.04459054,0.1598628
298,0.0007696647,0.0003772277,4.861386E-05,9.213031E-05,0.00252395,0.04559971,0.009721714,0.2290364,0.4794418,0.04831355,0.1840753
299,0.0007257554,0.0003550186,4.594622E-05,8.694598E-05,0.002318209,0.04255374,0.008397005,0.2128958,0.4719849,0.05027951,0.2103571
300,0.0006482247,0.0003164757,4.106165E-05,7.784639E-05,0.002030117,0.03789094,0.006996286,0.1919325,0.4917266,0.0501911,0.218149
301,0.0004073429,0.0002027374,2.587335E-05,4.993871E-05,0.001485553,0.02615173,0.005255205,0.1523514,0.6546732,0.02839087,0.1310062
302,0.0003109345,0.000157601,1.975384E-05,3.914681E-05,0.0012134,0.02128859,0.004810743,0.1303203,0.7252984,0.02059591,0.09594523
303,0.0002484458,0.0001282542,1.576926E-05,3.237964E-05,0.001089957,0.01844594,0.005191955,0.1203498,0.7707134,0.01480446,0.06897961
