"<HEADER software/>"
EwEVersion,"6.7.0.17868 (compiled 5/31/2022)"
Date,"7/27/2023 3:33:22 PM"
"<HEADER ecopath/>"
ModelName,1
"<HEADER ecosim/>"
EcosimScenario,"Gulfwide_EwE_mvl_try3 DC adjustments"
TimeSeries,TS_updated_IB13
StartYear,1980
"<HEADER end/>"

Data,"Prey of Menhaden (3yr)"

timestep\group,"Mobile epifauna",Zooplankton,Infauna,Algae,Phytoplankton,Detritus,
1,0.02012394,0.2194463,0.007887415,0.05524145,0.5225139,0.174787
2,0.0176595,0.2258743,0.006956371,0.05725187,0.5310838,0.1611742
3,0.01450323,0.2425171,0.00585863,0.05990341,0.5350084,0.1422092
4,0.0148536,0.2768378,0.005887016,0.05882347,0.5018132,0.1417849
5,0.01675563,0.3062906,0.006369943,0.05586401,0.4674438,0.147276
6,0.02072017,0.3229887,0.007397368,0.05181804,0.4368991,0.1601766
7,0.02595337,0.3123505,0.008691486,0.04954687,0.4288671,0.1745907
8,0.02936424,0.2683779,0.009422168,0.05042468,0.4604392,0.1819718
9,0.03335318,0.2262028,0.01029589,0.04967098,0.4875835,0.1928936
10,0.03673412,0.1783271,0.01107646,0.04883495,0.5227034,0.202324
11,0.03406067,0.1229872,0.01040273,0.04898379,0.587433,0.1961325
12,0.04359439,0.1010258,0.01286623,0.04465256,0.5700419,0.2278191
13,0.03663602,0.0575854,0.01139015,0.04753774,0.6330688,0.2137818
14,0.02309615,0.0337779,0.008052288,0.04647366,0.7164876,0.1721124
15,0.0204692,0.02970495,0.007883576,0.0438062,0.7276028,0.1705333
16,0.01585746,0.03043252,0.006932264,0.04325742,0.7553226,0.1481977
17,0.01222442,0.04282286,0.005998217,0.04378466,0.7698936,0.1252762
18,0.01223666,0.08275355,0.00621317,0.04247664,0.735233,0.121087
19,0.01368815,0.14344,0.006794214,0.03997182,0.6744251,0.1216807
20,0.01671146,0.2037071,0.007784836,0.03639921,0.6087547,0.1266426
21,0.02044879,0.2453973,0.008819446,0.03323533,0.5617775,0.1303217
22,0.01983936,0.2363794,0.008162199,0.03401454,0.5808443,0.1207601
23,0.02083786,0.2322517,0.008206795,0.03311797,0.58292,0.1226657
24,0.01737261,0.2041165,0.006889326,0.03422888,0.6254947,0.1118979
25,0.01656234,0.1695215,0.007004858,0.04236953,0.6336549,0.1308869
26,0.01500238,0.1670599,0.006728912,0.04143834,0.6433027,0.1264677
27,0.01415567,0.1761563,0.006631589,0.04044867,0.6409538,0.1216539
28,0.01509195,0.1955317,0.007118839,0.03842802,0.620396,0.1234335
29,0.01455001,0.2023635,0.006913614,0.03768486,0.6225913,0.1158967
30,0.01534374,0.2143133,0.007179514,0.03588694,0.6117418,0.1155347
31,0.01760393,0.2299466,0.007961215,0.03302112,0.5923994,0.1190677
32,0.01947602,0.2315665,0.008496068,0.03067531,0.5913275,0.1184586
33,0.02209122,0.2290093,0.009236191,0.02811785,0.5919442,0.1196011
34,0.02279914,0.2071737,0.009256572,0.02647008,0.6190698,0.1152308
35,0.01472424,0.141408,0.006250097,0.02755441,0.7206988,0.08936445
36,0.01129885,0.1278489,0.005175288,0.02757083,0.7460585,0.08204763
37,0.00826179,0.1673491,0.003943436,0.02284438,0.73582,0.06178131
38,0.008074226,0.2246946,0.00387393,0.02314386,0.6796941,0.06051934
39,0.007736628,0.2786724,0.003663461,0.02360947,0.6292259,0.05709201
40,0.007427489,0.32351,0.003410071,0.02373697,0.5886182,0.05329736
41,0.007443176,0.3598011,0.003264488,0.02339938,0.5551208,0.05097111
42,0.008890759,0.3973294,0.003628509,0.02210027,0.5132346,0.05481657
43,0.01209902,0.4306514,0.004523265,0.02050288,0.4690095,0.06321389
44,0.01768517,0.4324331,0.006041933,0.02017021,0.4475001,0.07616956
45,0.02448668,0.3891689,0.007736688,0.02178494,0.4672419,0.08958089
46,0.02382796,0.2664502,0.007333565,0.02644131,0.5839762,0.0919708
47,0.01466313,0.145456,0.004925482,0.03116318,0.7214861,0.08230607
48,0.01438643,0.1217234,0.005257701,0.03389302,0.7270846,0.09765478
49,0.01756433,0.1077071,0.007021269,0.04333317,0.6874526,0.1369215
50,0.01691054,0.09748068,0.007311533,0.04720392,0.6881695,0.1429237
51,0.01643106,0.09524745,0.007518442,0.05203808,0.6789048,0.1498601
52,0.0165942,0.1025784,0.007864179,0.05761554,0.6550845,0.1602632
53,0.01781545,0.117488,0.008499826,0.06248761,0.6179028,0.1758064
54,0.02059543,0.1374171,0.009590892,0.06317484,0.5755721,0.1936497
55,0.02549472,0.159942,0.01128802,0.05826518,0.5368166,0.2081936
56,0.03224603,0.1776276,0.01338238,0.0512825,0.5101987,0.2152628
57,0.03226029,0.1583116,0.01286877,0.04980096,0.5497756,0.1969828
58,0.02486904,0.119356,0.01003237,0.05197081,0.623287,0.1704849
59,0.02115375,0.1036235,0.008878785,0.05237822,0.6466405,0.1673252
60,0.01848721,0.101774,0.008227995,0.05370874,0.6530142,0.1647878
61,0.01752982,0.1199836,0.008038495,0.05143879,0.6438601,0.1591491
62,0.01552691,0.1401245,0.007400342,0.05427505,0.6320882,0.150585
63,0.01516644,0.1723163,0.007306717,0.05607188,0.5989203,0.1502183
64,0.01623254,0.2084725,0.007680799,0.05602508,0.556354,0.1552351
65,0.01854429,0.2372205,0.008426008,0.05479056,0.5164072,0.1646115
66,0.02266002,0.2539812,0.009716508,0.05258352,0.4813277,0.1797311
67,0.02825032,0.2523751,0.01136472,0.05092708,0.4598867,0.1971961
68,0.0324804,0.2228124,0.01240783,0.05204071,0.4704606,0.2097982
69,0.0319775,0.1732072,0.01193718,0.055552,0.5142751,0.2130511
70,0.02465896,0.1193863,0.009559033,0.06158671,0.5841524,0.2006566
71,0.0188937,0.09551148,0.00799353,0.06727017,0.6160105,0.1943206
72,0.02054182,0.1024715,0.008983195,0.06690623,0.5817966,0.2193006
73,0.01950895,0.1117289,0.008887919,0.06805257,0.578538,0.2132836
74,0.0188845,0.1269155,0.008757472,0.06654196,0.5755441,0.2033565
75,0.01871573,0.1501864,0.008680296,0.06098472,0.5743397,0.1870931
76,0.01836515,0.1780649,0.008403616,0.05213612,0.5805146,0.1625156
77,0.01597811,0.2027011,0.007240568,0.04224953,0.6060827,0.125748
78,0.01489078,0.2363043,0.006537865,0.03092664,0.6117585,0.09958189
79,0.01605902,0.274397,0.006677859,0.02289626,0.592056,0.08791383
80,0.01806371,0.2877774,0.007091634,0.01900413,0.5854357,0.0826274
81,0.0126314,0.208537,0.005011489,0.01990916,0.6897248,0.06418613
82,0.01027347,0.1818203,0.004252824,0.02044949,0.7217183,0.06148568
83,0.00923879,0.1860821,0.004035671,0.02132046,0.7178153,0.06150763
84,0.01008693,0.2139303,0.004476123,0.0216833,0.6825282,0.06729516
85,0.01054732,0.2377389,0.004684493,0.02184598,0.6563949,0.06878833
86,0.009896578,0.2428768,0.0044451,0.02393258,0.6514092,0.0674397
87,0.01034814,0.2612818,0.004618197,0.02568873,0.6262937,0.07176953
88,0.01238054,0.2885391,0.005354331,0.02656645,0.585268,0.08189158
89,0.01484005,0.300584,0.00617626,0.02778429,0.5582187,0.09239662
90,0.01810356,0.298639,0.007208588,0.0294629,0.5404046,0.1061813
91,0.02460315,0.3048202,0.009207966,0.02969688,0.5034581,0.1282136
92,0.03084791,0.2787683,0.01096974,0.03109459,0.5026495,0.1456699
93,0.03829794,0.247653,0.01293757,0.03196008,0.5044029,0.1647485
94,0.03631042,0.1741625,0.01210804,0.03515664,0.5767923,0.16547
95,0.02541186,0.1022526,0.00896558,0.03860396,0.6730437,0.1517223
96,0.01554178,0.06884158,0.006424082,0.04250918,0.7319351,0.1347482
97,0.009941201,0.1008359,0.004736045,0.03783032,0.749486,0.09717052
98,0.009641972,0.1802456,0.004769606,0.0385567,0.6725562,0.09422991
99,0.009563646,0.2653133,0.004631144,0.03734441,0.596433,0.08671439
100,0.01179046,0.3403062,0.00524139,0.03219311,0.5209523,0.08951651
101,0.01703954,0.4028689,0.006764755,0.02598583,0.4502097,0.0971313
102,0.02515153,0.4331793,0.008924099,0.02219817,0.4030529,0.1074939
103,0.03265414,0.3957407,0.01049471,0.02298648,0.4267687,0.1113552
104,0.03868563,0.3256971,0.01148143,0.0250114,0.4827407,0.1163838
105,0.03928105,0.2295483,0.01115645,0.02767582,0.5710426,0.1212957
106,0.02812733,0.1225079,0.008277479,0.03043412,0.6933363,0.1173169
107,0.01549362,0.06739938,0.00542537,0.03234427,0.7728964,0.1064409
108,0.009464485,0.06527344,0.00427783,0.03571266,0.7911119,0.09415977
109,0.01139186,0.08425114,0.0059275,0.04810752,0.7158827,0.1344393
110,0.01134263,0.1221197,0.006396704,0.04915507,0.6788576,0.1321284
111,0.0120243,0.170243,0.006842423,0.0500799,0.6280221,0.1327882
112,0.01362107,0.2176141,0.007489194,0.05014516,0.5727119,0.1384184
113,0.01469053,0.2483995,0.007718888,0.05129369,0.5375919,0.1403054
114,0.01551786,0.2648097,0.007770463,0.05260374,0.5168692,0.1424289
115,0.01997438,0.2936474,0.009282871,0.04876358,0.4676357,0.1606961
116,0.02327495,0.2861591,0.0101811,0.04882315,0.4617618,0.1698
117,0.02566314,0.2592343,0.01068732,0.05046429,0.4742008,0.1797502
118,0.02823375,0.2279008,0.01131909,0.0516946,0.4861918,0.19466
119,0.03146152,0.1948411,0.01224443,0.05235847,0.4952963,0.2137982
120,0.02711255,0.1383141,0.010737,0.05738821,0.5572907,0.2091575
121,0.02110832,0.09401433,0.009025785,0.0662306,0.597883,0.211738
122,0.01789669,0.08373793,0.00836136,0.06891033,0.6120128,0.2090808
123,0.0171433,0.09249292,0.008517837,0.06798342,0.6071579,0.2067045
124,0.01654741,0.1118901,0.008534182,0.06478848,0.6055948,0.192645
125,0.01578896,0.1378973,0.008280206,0.06146621,0.6021151,0.1744522
126,0.01714575,0.1716531,0.008810544,0.05654855,0.5744953,0.1713468
127,0.02036619,0.2044797,0.01000166,0.05138275,0.5368293,0.1769405
128,0.02410912,0.2204696,0.01122777,0.04864011,0.5114058,0.1841476
129,0.02707478,0.2133893,0.01202241,0.04886271,0.5067328,0.191918
130,0.02924379,0.191859,0.01251879,0.0509553,0.5107412,0.2046819
131,0.02632628,0.1507505,0.0112728,0.05719645,0.5461688,0.2082851
132,0.0197797,0.1134932,0.008982928,0.06691728,0.5876643,0.2031626
133,0.01658112,0.1193863,0.007944841,0.06818677,0.5957636,0.1921373
134,0.01561882,0.1438684,0.007760577,0.07054356,0.5709483,0.1912603
135,0.01511258,0.1810168,0.007577131,0.0677866,0.5509012,0.1776057
136,0.01443962,0.2227791,0.007148924,0.0610393,0.5410148,0.1535782
137,0.01457381,0.2639478,0.006951519,0.05249698,0.5266469,0.1353831
138,0.01723818,0.3027721,0.00770394,0.04481868,0.4924328,0.1350343
139,0.022636,0.3302497,0.009332503,0.03949119,0.4530052,0.1452854
140,0.02897511,0.3160872,0.0110785,0.03868249,0.4474038,0.1577729
141,0.0353737,0.2807943,0.01266305,0.03966675,0.4597508,0.1717514
142,0.02992285,0.1898606,0.0106149,0.04601794,0.5594927,0.1640909
143,0.02040249,0.1215833,0.007803225,0.05182191,0.6436362,0.1547529
144,0.01752772,0.108306,0.00735149,0.05434366,0.649962,0.1625091
145,0.01694041,0.1278289,0.007437865,0.0493418,0.6425458,0.1559052
146,0.01505587,0.1494892,0.006929907,0.04991715,0.6348633,0.1437447
147,0.01484972,0.1840254,0.006876261,0.04781235,0.6091026,0.1373337
148,0.01550149,0.222159,0.007030871,0.04397628,0.5794896,0.1318427
149,0.01654463,0.2517433,0.007237084,0.04054946,0.5560475,0.1278781
150,0.01724525,0.2662136,0.007263949,0.03810684,0.5479667,0.1232037
151,0.01629207,0.2622938,0.006721372,0.0372057,0.563146,0.114341
152,0.01914504,0.2780467,0.007535986,0.03431677,0.5381332,0.1228224
153,0.02196691,0.2748475,0.008322749,0.03314686,0.5324302,0.1292859
154,0.02115365,0.2369014,0.007936259,0.03480037,0.5720789,0.1271295
155,0.01570848,0.1871752,0.006208344,0.03872079,0.6383266,0.1138605
156,0.0133308,0.1844042,0.005626666,0.04186656,0.6423046,0.1124671
157,0.01747107,0.1800486,0.007798716,0.05622274,0.5669771,0.1714817
158,0.01840229,0.1821414,0.008540565,0.05771573,0.5528331,0.1803669
159,0.01854292,0.1786337,0.008803261,0.06000897,0.5502145,0.1837968
160,0.01855245,0.1774447,0.008924381,0.06122015,0.5491601,0.1846981
161,0.01949189,0.1826954,0.009359717,0.05987624,0.5410584,0.1875184
162,0.02032815,0.1865733,0.009686543,0.05764378,0.5399736,0.1857946
163,0.02019656,0.1837603,0.009580337,0.05625074,0.5509671,0.179245
164,0.02146897,0.1856944,0.01004165,0.05373444,0.5473588,0.1817019
165,0.02182914,0.1799584,0.01013518,0.05289324,0.5546572,0.1805268
166,0.02287641,0.1740845,0.01051657,0.05223247,0.5544166,0.1858735
167,0.02154343,0.1572563,0.00999797,0.05431726,0.5737361,0.183149
168,0.02270724,0.1523653,0.01053523,0.05465972,0.5635218,0.1962107
169,0.01722533,0.1543939,0.008061089,0.05009368,0.6210935,0.1491325
170,0.01522031,0.1677933,0.007248785,0.05352503,0.6111519,0.1450606
171,0.01458253,0.1988584,0.006986803,0.05450449,0.5826788,0.1423889
172,0.01420315,0.234339,0.00674712,0.05354514,0.5558097,0.1353558
173,0.01651408,0.276838,0.007467795,0.04783133,0.5124988,0.13885
174,0.01861418,0.2988612,0.007986989,0.04346154,0.4942373,0.1368389
175,0.02223405,0.3084742,0.008960668,0.03980522,0.4788479,0.1416779
176,0.02720055,0.3016552,0.01030425,0.03782409,0.4717019,0.1513139
177,0.03103747,0.2667694,0.01121795,0.03842836,0.4923528,0.160194
178,0.02871428,0.2007556,0.01029445,0.04191553,0.5584727,0.1598474
179,0.02214744,0.1402824,0.008357431,0.04609482,0.6289454,0.1541726
180,0.01953492,0.1194073,0.007900782,0.04796732,0.644554,0.1606357
181,0.01521371,0.127991,0.00660233,0.04474647,0.670774,0.1346724
182,0.01340888,0.1560127,0.006136366,0.04629636,0.6507915,0.1273542
183,0.01390526,0.2013884,0.006372185,0.04543881,0.604697,0.1281984
184,0.01292897,0.2408374,0.005912802,0.04572023,0.5774162,0.1171844
185,0.01198069,0.2770501,0.00539015,0.04595579,0.5527645,0.1068588
186,0.01289217,0.3161673,0.005529216,0.04380805,0.5148062,0.1067971
187,0.01546551,0.3489773,0.006201909,0.04018919,0.4762692,0.112897
188,0.02029135,0.3740038,0.007487665,0.03564572,0.4392526,0.1233188
189,0.02558316,0.3475874,0.008800075,0.03520986,0.4494627,0.1333568
190,0.02592411,0.2792676,0.008628764,0.03801644,0.5144984,0.1336647
191,0.02586564,0.2218356,0.008526742,0.0394871,0.5638755,0.1404094
192,0.0222573,0.1661144,0.007624188,0.04105643,0.6248828,0.1380648
193,0.02110449,0.1176208,0.007942553,0.05038609,0.6372533,0.1656927
194,0.0200704,0.1007621,0.008173524,0.04985116,0.6513378,0.1698051
195,0.01887194,0.09246723,0.008253219,0.05019408,0.6617556,0.1684579
196,0.01697596,0.09070802,0.007927965,0.05140138,0.6723902,0.1605965
197,0.01583499,0.1003701,0.007759229,0.05228106,0.6690154,0.1547393
198,0.01769948,0.1231743,0.008686497,0.05079557,0.6356987,0.1639455
199,0.02012143,0.146002,0.009689009,0.04892045,0.6042817,0.1709855
200,0.02466336,0.1667223,0.011367,0.04597644,0.5669093,0.1843616
201,0.02596707,0.1634052,0.0116016,0.04578944,0.5711584,0.1820783
202,0.02260075,0.1417819,0.01010044,0.04811333,0.6085255,0.1688781
203,0.01846017,0.1269992,0.008552233,0.05117565,0.6354485,0.1593643
204,0.01762876,0.1342485,0.008425166,0.05267707,0.6217837,0.1652368
205,0.0157787,0.1532121,0.007752587,0.05322091,0.6153686,0.1546671
206,0.01448126,0.177859,0.007266806,0.05662077,0.5935251,0.1502472
207,0.01421304,0.2118824,0.00711972,0.05761722,0.5618559,0.1473118
208,0.01491993,0.2478448,0.007276122,0.05535191,0.5295123,0.1450949
209,0.01530839,0.2743641,0.00720458,0.0514162,0.5154952,0.1362116
210,0.01651516,0.293947,0.007413187,0.04665172,0.5035071,0.1319659
211,0.02049264,0.3171573,0.008599685,0.04067373,0.474693,0.1383836
212,0.02596501,0.3180343,0.01017266,0.03723981,0.4616669,0.1469212
213,0.0311719,0.2879446,0.01150775,0.03667606,0.4778345,0.1548652
214,0.03257038,0.2286818,0.01160879,0.03837397,0.5305423,0.1582227
215,0.02925417,0.1613811,0.01045835,0.04067599,0.6000592,0.1581713
216,0.01916149,0.1004579,0.007495445,0.04436152,0.6888357,0.139688
217,0.01377015,0.09755567,0.00602393,0.04231292,0.7198111,0.1205262
218,0.01194315,0.126725,0.00569747,0.04285395,0.6992818,0.1134987
219,0.01119959,0.1799342,0.005536689,0.04193246,0.6562502,0.1051469
220,0.01092509,0.2389482,0.005363979,0.04062095,0.607003,0.09713875
221,0.01179232,0.2926109,0.005526793,0.03767236,0.5578132,0.09458442
222,0.01188229,0.3241255,0.005298043,0.03463248,0.537375,0.08668654
223,0.01347314,0.3532285,0.005608776,0.03013104,0.5117417,0.08581682
224,0.01732006,0.3855107,0.006631956,0.02535722,0.4749058,0.09027418
225,0.01873491,0.3382241,0.00681345,0.02584492,0.5208528,0.08952988
226,0.01763985,0.2762837,0.006298927,0.02717302,0.5844782,0.08812631
227,0.01652813,0.2292227,0.005974164,0.02832727,0.6288678,0.09107981
228,0.01436154,0.1917563,0.00545593,0.03013422,0.6671338,0.0911582
229,0.01099957,0.1777581,0.004538631,0.03185261,0.6927077,0.08214341
230,0.01100066,0.200629,0.00472288,0.03440987,0.6619928,0.08724462
231,0.0119082,0.232275,0.005145749,0.0367123,0.6196995,0.09425924
232,0.01246288,0.254961,0.005335994,0.03962768,0.5893562,0.09825627
233,0.01426723,0.273461,0.005893149,0.04154908,0.5564725,0.1083569
234,0.01619994,0.2793786,0.006428764,0.0431397,0.5370922,0.1177608
235,0.02150522,0.2903401,0.007977854,0.04181829,0.4995749,0.1387836
236,0.03154632,0.2892633,0.01081653,0.03957833,0.4610728,0.1677226
237,0.04175481,0.2472977,0.01333985,0.04050606,0.4701337,0.1869678
238,0.05054998,0.1837644,0.01521092,0.04241214,0.5063673,0.2016952
239,0.04263673,0.102387,0.01271648,0.04640166,0.6083144,0.1875438
240,0.03750403,0.06462962,0.0114524,0.04540041,0.6490604,0.1919532
241,0.02869019,0.04700411,0.009156994,0.03787042,0.7163985,0.1608798
242,0.0145493,0.03240765,0.005564632,0.0402171,0.786862,0.1203993
243,0.01078129,0.05121286,0.004842963,0.0410492,0.7859508,0.1061628
244,0.01156239,0.1108588,0.005350406,0.03855552,0.7257067,0.1079661
245,0.01181723,0.188822,0.005388468,0.0358861,0.6576855,0.1004007
246,0.01128288,0.2558644,0.004945092,0.03426807,0.6042519,0.08938776
247,0.01441414,0.319811,0.005761703,0.02963204,0.5338652,0.09651586
248,0.02030419,0.3490598,0.007350341,0.02642125,0.4884506,0.1084138
249,0.02518184,0.3161549,0.008413617,0.02720865,0.5081944,0.1148465
250,0.02399738,0.2409504,0.007750277,0.03023998,0.584595,0.112467
251,0.01889732,0.1760755,0.006298437,0.03291724,0.6581467,0.1076648
252,0.01590948,0.151908,0.005667598,0.03490827,0.682516,0.1090906
253,0.01649534,0.1273244,0.006604434,0.04734159,0.6573019,0.1449323
254,0.01391477,0.1302982,0.006196121,0.04789826,0.6678156,0.133877
255,0.0137376,0.1555971,0.006394369,0.04570907,0.6494194,0.1291424
256,0.01443762,0.1884978,0.006723297,0.04109252,0.626484,0.1227648
257,0.01345868,0.2109802,0.006221581,0.03676677,0.6274625,0.1051103
258,0.0145342,0.2387867,0.006437827,0.03095908,0.610517,0.09876522
259,0.01624854,0.2633947,0.006796051,0.02476807,0.5973279,0.0914647
260,0.01840204,0.2700628,0.007224986,0.02037296,0.5983679,0.08556942
261,0.0178193,0.2309754,0.006728304,0.01881809,0.649018,0.07664087
262,0.01728416,0.1921779,0.006375947,0.01787391,0.692713,0.07357513
263,0.01052567,0.1244487,0.00415877,0.01858031,0.7848855,0.05740106
264,0.009174054,0.1200072,0.003900184,0.01887059,0.789522,0.05852594
265,0.007528092,0.1408961,0.003447312,0.0185027,0.777209,0.05241671
266,0.007723536,0.1847219,0.003618462,0.01879837,0.7311895,0.05394809
267,0.007091098,0.2279553,0.003379387,0.01943043,0.6920686,0.05007508
268,0.007139339,0.2753031,0.003348103,0.01989152,0.6449288,0.04938921
269,0.007456711,0.3153782,0.00338365,0.02020222,0.6039887,0.04959056
270,0.009822259,0.3641176,0.004144396,0.01911768,0.5456344,0.05716373
271,0.01365876,0.3913679,0.005308087,0.01838994,0.5047051,0.06657017
272,0.01823723,0.3699158,0.006577041,0.01937537,0.5092219,0.07667261
273,0.01845376,0.2886795,0.006436671,0.02244325,0.5849168,0.07907003
274,0.01752231,0.2222254,0.006127434,0.02491958,0.6445308,0.0846745
275,0.01608655,0.175425,0.005855088,0.02728165,0.6846372,0.09071457
276,0.01399315,0.1466793,0.005473698,0.02997467,0.710588,0.09329129
277,0.01359434,0.1519401,0.005508134,0.02986556,0.7037037,0.09538819
278,0.0114111,0.1605266,0.004950217,0.03424207,0.6978161,0.0910539
279,0.01280215,0.194054,0.005552035,0.0370382,0.6475397,0.1030139
280,0.01245137,0.2263915,0.00541023,0.03879499,0.6167603,0.1001916
281,0.01228894,0.258426,0.005228077,0.03868676,0.5892326,0.09613765
282,0.01381934,0.294666,0.005577955,0.0354302,0.552934,0.09757252
283,0.01570088,0.3193183,0.005961066,0.03123425,0.5312891,0.09649646
284,0.01770473,0.3199736,0.006333461,0.02851757,0.5314643,0.09600633
285,0.02075285,0.3064354,0.007006045,0.02698694,0.5383954,0.1004233
286,0.0213013,0.2567834,0.007002877,0.02779975,0.5857827,0.10133
287,0.01615091,0.1872186,0.005524879,0.0301228,0.6698509,0.09113192
288,0.01346823,0.1640022,0.004926899,0.03155468,0.6965629,0.08948515
289,0.01518594,0.1545068,0.006007769,0.03888823,0.6702337,0.1151775
290,0.01514722,0.1598127,0.006330509,0.0392735,0.661963,0.117473
291,0.01617343,0.1711098,0.006896832,0.03938267,0.6434921,0.1229451
292,0.01641277,0.1771521,0.007083514,0.04028885,0.6353285,0.1237343
293,0.01606353,0.179906,0.006998982,0.0420281,0.6317796,0.1232239
294,0.01678852,0.1880228,0.007287563,0.04329899,0.6159108,0.1286912
295,0.02139551,0.2058144,0.008928687,0.04250012,0.5712256,0.1501356
296,0.02479262,0.1991242,0.01001015,0.04372327,0.5593724,0.1629773
297,0.02690827,0.1774781,0.01057362,0.04590268,0.5655671,0.1735702
298,0.02389384,0.1414971,0.009488199,0.05033509,0.6046309,0.1701549
299,0.01949274,0.1175509,0.008140382,0.05537906,0.6344234,0.1650134
300,0.01754715,0.1183113,0.007737874,0.05890985,0.6302487,0.1672451
301,0.01303581,0.1743535,0.005788445,0.05011828,0.6386026,0.1181014
302,0.01352496,0.2338117,0.005774349,0.05101171,0.5767073,0.11917
303,0.01383581,0.2824073,0.00562375,0.04965585,0.5340545,0.114423
304,0.01544064,0.3209262,0.005832792,0.04317094,0.5035993,0.1110301
305,0.01677587,0.3394696,0.005895903,0.03568754,0.5000958,0.1020753
306,0.01805647,0.3401816,0.005912723,0.02856702,0.5150779,0.09220438
307,0.02215823,0.3406898,0.006697449,0.02288995,0.5161084,0.09145617
308,0.0221909,0.2658923,0.006456726,0.02206374,0.5989037,0.08449268
309,0.02403721,0.2092936,0.006744655,0.02111101,0.6517527,0.08706085
310,0.02523304,0.1511275,0.006994822,0.02069049,0.7053422,0.09061195
311,0.02199141,0.09328554,0.006275894,0.02045522,0.7709056,0.08708628
312,0.01571729,0.05708626,0.004905668,0.01994665,0.8252145,0.07712959
313,0.00770867,0.0480874,0.002877681,0.01775762,0.8722752,0.05129342
314,0.006793676,0.08209427,0.002808806,0.01803709,0.840614,0.04965213
315,0.006730702,0.1548024,0.002868257,0.01749991,0.7700357,0.04806301
316,0.006535851,0.237307,0.002740939,0.01715847,0.6917696,0.04448815
317,0.008155634,0.30884,0.003158415,0.01584309,0.6154519,0.04855094
318,0.01061472,0.352849,0.003749285,0.01455855,0.5651039,0.05312462
319,0.01444985,0.3568808,0.004642345,0.01394306,0.5503994,0.05968447
320,0.01690834,0.3054107,0.005079129,0.01455951,0.5957682,0.06227406
321,0.01204182,0.2051373,0.003683987,0.01591881,0.7105288,0.05268923
322,0.008463554,0.1637347,0.002833561,0.01659846,0.7606193,0.04775033
323,0.007891,0.1771667,0.002823637,0.01728617,0.7450989,0.04973361
324,0.006089868,0.2135882,0.002389793,0.01850067,0.7161459,0.04328556
325,0.009824491,0.2331666,0.004018276,0.02728485,0.6530691,0.07263672
326,0.01108311,0.2522687,0.004590061,0.02682063,0.6289086,0.07632899
327,0.01168553,0.2524253,0.004811645,0.02708209,0.6271134,0.076882
328,0.01216736,0.2478402,0.004937359,0.02729825,0.630153,0.07760393
329,0.01434795,0.2530307,0.005606615,0.02651268,0.6160831,0.08441892
330,0.01475645,0.2364039,0.005647937,0.02645768,0.6330704,0.08366362
331,0.0178806,0.2343522,0.006538843,0.02521226,0.6238701,0.09214611
332,0.02034778,0.2126507,0.007193692,0.02481783,0.6380379,0.09695214
333,0.02612665,0.1970487,0.008773826,0.02406241,0.6339425,0.1100458
334,0.02720592,0.1461813,0.008940259,0.02472213,0.6819102,0.1110401
335,0.02102919,0.09069278,0.007109882,0.02575918,0.7562865,0.09912246
336,0.01583131,0.06424055,0.005800349,0.02637761,0.7954582,0.092292
337,0.01307608,0.05784705,0.005338651,0.02786434,0.8048642,0.0910097
338,0.01063313,0.06721811,0.004833694,0.02789008,0.8071775,0.08224749
339,0.009129841,0.09806561,0.004485982,0.02768618,0.7870769,0.07355546
340,0.008815934,0.1539931,0.004431612,0.02688629,0.7371977,0.06867539
341,0.009192184,0.2166159,0.004527437,0.02587647,0.6773434,0.06644463
342,0.009824191,0.2656504,0.00463518,0.02521695,0.6290945,0.06557871
343,0.01182779,0.3032124,0.005224925,0.02430318,0.5848063,0.07062539
344,0.01330418,0.306069,0.005552666,0.02490681,0.5761128,0.07405456
345,0.01610102,0.3044012,0.006322127,0.02520788,0.5650581,0.0829097
346,0.02133548,0.3045307,0.007825623,0.02495011,0.544344,0.09701417
347,0.02208686,0.2445762,0.007857861,0.02744899,0.5974067,0.1006233
348,0.01756095,0.1708037,0.00641901,0.03082878,0.6783685,0.09601905
349,0.01508019,0.1470823,0.005714163,0.03032873,0.7081153,0.09367934
350,0.01369758,0.1403616,0.005482187,0.03221745,0.7130439,0.09519724
351,0.01179765,0.1506764,0.004978262,0.03185107,0.7136192,0.08707736
352,0.009768776,0.1801252,0.004269241,0.0285749,0.7054951,0.0717668
353,0.00844375,0.2235673,0.003685091,0.02370749,0.6827151,0.05788118
354,0.008793131,0.2705582,0.003662313,0.01935526,0.6447747,0.05285652
355,0.009521932,0.2983989,0.003743261,0.01681682,0.6212814,0.05023769
356,0.01100584,0.3063088,0.00405609,0.01564535,0.6115214,0.05146245
357,0.009490414,0.2602452,0.003450967,0.0165344,0.6637962,0.04648284
358,0.008111613,0.237543,0.003000208,0.01724582,0.6899329,0.04416638
359,0.007974831,0.2473386,0.00298017,0.01740104,0.679096,0.04520939
360,0.007947735,0.2626272,0.002986222,0.01740056,0.6636645,0.04537375
361,0.006998314,0.2757608,0.00263061,0.0164653,0.6579615,0.04018336
362,0.007363901,0.2946333,0.002709761,0.0164896,0.6374778,0.04132568
363,0.007661622,0.3026909,0.002769624,0.01715583,0.6272939,0.04242796
364,0.008244608,0.303798,0.002920459,0.01843653,0.6211982,0.04540222
365,0.009324408,0.3011602,0.003227793,0.02024853,0.6150897,0.05094935
366,0.01093841,0.2924304,0.0036922,0.02249539,0.6114075,0.05903609
367,0.01356647,0.2781151,0.004429984,0.02473365,0.6083452,0.07080952
368,0.01823101,0.2586967,0.00567581,0.02653288,0.60284,0.08802372
369,0.02286215,0.2100158,0.00685913,0.02910186,0.6273449,0.1038162
370,0.02943506,0.1593537,0.008463666,0.03148172,0.6464677,0.1247981
371,0.02836524,0.09467819,0.008198198,0.03546823,0.7046024,0.1286877
372,0.02981947,0.06034528,0.008690511,0.03840815,0.7172214,0.1455152
373,0.02964787,0.03989601,0.008891122,0.04126545,0.7217745,0.1585251
374,0.01843959,0.02489355,0.006293109,0.04673002,0.7707964,0.1328474
375,0.01510732,0.02808989,0.005827912,0.04965223,0.7724312,0.1288914
376,0.01290874,0.05176306,0.005467977,0.04924553,0.7663658,0.1142489
377,0.01223753,0.1117436,0.005262823,0.04453447,0.726658,0.09956357
378,0.01262555,0.1875059,0.005184269,0.03735676,0.6694149,0.0879126
379,0.01402178,0.2516292,0.00531439,0.03014268,0.6182971,0.08059484
380,0.01629326,0.2872639,0.005638833,0.02532871,0.5881212,0.07735408
381,0.01965651,0.2901322,0.006214381,0.02264209,0.5833004,0.07805444
382,0.02012903,0.2418953,0.006019112,0.0226473,0.6339112,0.07539811
383,0.01297133,0.1631406,0.004050155,0.02424909,0.7342534,0.06133537
384,0.01133946,0.1512365,0.003761846,0.0246713,0.7457274,0.06326351
385,0.008462823,0.1830162,0.002928021,0.02168644,0.733386,0.05052052
386,0.008556765,0.2254408,0.002950416,0.02203943,0.6896172,0.0513955
387,0.009052174,0.260918,0.003032368,0.021808,0.6529681,0.0522214
388,0.01083567,0.2845514,0.003406151,0.02064363,0.6240513,0.05651184
389,0.01564228,0.3032793,0.004460705,0.01832548,0.5924836,0.06580871
390,0.02250149,0.2808486,0.005816791,0.01686228,0.5991796,0.07479124
391,0.02974818,0.2183066,0.006976665,0.01640425,0.6493638,0.07920054
392,0.03259126,0.1287899,0.007122809,0.01640175,0.738246,0.07684832
393,0.02921927,0.0651784,0.006174949,0.01578614,0.8135258,0.07011541
394,0.02352649,0.03319893,0.005042719,0.014457,0.8595067,0.06426813
395,0.01580536,0.0161967,0.0036938,0.01277315,0.8966245,0.05490648
396,0.005773344,0.007385674,0.001793013,0.01160252,0.9397625,0.03368292
397,0.004962225,0.008482298,0.001984427,0.01307132,0.9354131,0.03608656
398,0.004692953,0.01693202,0.002136802,0.01223181,0.9299175,0.03408901
399,0.00440739,0.04023967,0.002120305,0.01140739,0.9115579,0.03026735
400,0.003989145,0.09685569,0.001931576,0.01079677,0.8607095,0.02571727
401,0.003993774,0.1859075,0.001845373,0.01035917,0.7743196,0.0235746
402,0.004338004,0.2644377,0.001856505,0.01006493,0.6961824,0.02312048
403,0.005442008,0.321775,0.002108567,0.009608128,0.6358646,0.02520162
404,0.00780971,0.3636121,0.002698051,0.009015935,0.587342,0.02952219
405,0.01098735,0.3461748,0.00341335,0.009327392,0.5957206,0.03437664
406,0.01242833,0.2720933,0.003597233,0.01040327,0.6650953,0.03638265
407,0.009546115,0.1701643,0.002789191,0.01170955,0.7719553,0.03383549
408,0.007106284,0.1197848,0.002275568,0.01277072,0.8244538,0.03360879
409,0.007325647,0.1171438,0.002504678,0.01368713,0.8206269,0.03871191
410,0.007315396,0.126521,0.002665694,0.01493022,0.8072093,0.04135838
411,0.007257217,0.1454467,0.00275549,0.01639668,0.7852331,0.04291086
412,0.00775563,0.174848,0.002957114,0.01750458,0.7513471,0.04558742
413,0.008278125,0.205218,0.00309478,0.01777297,0.7188328,0.04680338
414,0.008902906,0.2305463,0.003198563,0.01713567,0.6930813,0.04713526
415,0.01128649,0.2604227,0.003756777,0.01546324,0.6575405,0.05153025
416,0.01254277,0.2450072,0.003942393,0.01498561,0.6717781,0.05174391
417,0.01228575,0.2095939,0.003742571,0.01522317,0.708838,0.05031659
418,0.01425228,0.1899145,0.004183555,0.01550133,0.7196205,0.05652791
419,0.01368114,0.1516103,0.004048623,0.01651329,0.7567344,0.05741235
420,0.01188742,0.1202369,0.003672429,0.0176561,0.790017,0.05653017
421,0.0143726,0.1135333,0.004522024,0.01925082,0.7783934,0.06992786
422,0.01042284,0.09519655,0.00360671,0.02001267,0.812048,0.05871329
423,0.00860754,0.1060725,0.003235894,0.02040631,0.8077844,0.05389329
424,0.008341658,0.1451943,0.003264531,0.02037899,0.769987,0.0528335
425,0.008400045,0.1951092,0.003313817,0.02063085,0.7205185,0.05202756
426,0.008553044,0.2402393,0.003332085,0.02179039,0.674052,0.05203312
427,0.01001752,0.2781013,0.003735719,0.02335711,0.626581,0.05820736
428,0.01577947,0.3268058,0.00535598,0.02317597,0.5518864,0.07699623
429,0.02351196,0.3212839,0.007269853,0.02462166,0.5275334,0.09577917
430,0.02452981,0.2365737,0.007232913,0.02943376,0.6029124,0.09931743
431,0.01778269,0.1556328,0.00545767,0.03398444,0.6959457,0.0911966
432,0.01397285,0.1333527,0.004726041,0.03736235,0.7199456,0.09064058
433,0.009331416,0.2026405,0.003170735,0.02924446,0.695361,0.06025189
434,0.00912019,0.2697524,0.003006637,0.03206656,0.6269133,0.05914086
435,0.009946423,0.3147572,0.003059099,0.03348985,0.5777983,0.06094905
436,0.01074776,0.3355249,0.003065461,0.03316861,0.5562935,0.06119981
437,0.01144,0.3383745,0.003014831,0.02926883,0.5590681,0.05883379
438,0.01242958,0.3317597,0.003011944,0.02346401,0.5733857,0.0559492
439,0.01216563,0.2794791,0.002798035,0.01986424,0.6353265,0.05036644
440,0.01214901,0.2325113,0.0026719,0.01711008,0.6880535,0.04750419
441,0.01911593,0.2093206,0.003852004,0.01503824,0.6915,0.06117327
442,0.02644433,0.1283314,0.004908667,0.01562908,0.7555093,0.0691772
443,0.00898806,0.04132162,0.001881108,0.01617029,0.8955585,0.03608036
444,0.005962673,0.04001892,0.00155173,0.01562552,0.904156,0.03268514
