"<HEADER software/>"
EwEVersion,"6.7.0.17868 (compiled 5/31/2022)"
Date,"7/27/2023 3:33:22 PM"
"<HEADER ecopath/>"
ModelName,1
"<HEADER ecosim/>"
EcosimScenario,"Gulfwide_EwE_mvl_try3 DC adjustments"
TimeSeries,TS_updated_IB13
StartYear,1980
"<HEADER end/>"

Data,"Prey of Vermilion snapper"

timestep\group,"Pelagic coastal piscivores",Amberjack,Cobia,"Vermilion snapper","Oceanic piscivores","Demersal coastal invertebrate feeders","Benthic coastal invertebrate feeders",Sardine-herring-scad,Cephalopod,"Pink shrimp","Brown shrimp","White shrimp",Crab,"Sessile epifauna","Mobile epifauna",Zooplankton,Infauna,Algae,Detritus,
1,0.0003071714,0.0004857184,0.0004528999,1.620035E-05,0.002578026,0.005742622,0.00879922,0.01666496,0.06250245,0.002944497,0.002463172,0.02348123,0.03391261,0.06947836,0.1218074,0.3317863,0.1523989,0.02569027,0.1384879
2,0.000277673,0.000441389,0.0004079146,1.476119E-05,0.002333696,0.005246784,0.008046783,0.01516369,0.05926531,0.002817172,0.00243892,0.02237644,0.02950098,0.06510731,0.1134793,0.3620663,0.1441705,0.02863949,0.1382056
3,0.0002285148,0.0003642302,0.000333474,1.227864E-05,0.001923873,0.004394016,0.006775846,0.01268894,0.05363211,0.002549122,0.002330592,0.02026732,0.02358682,0.05727549,0.09937339,0.4166071,0.1317065,0.03246721,0.1334832
4,0.0002080226,0.00033192,0.0003009647,1.134222E-05,0.001755267,0.004080263,0.00634715,0.01180694,0.05710221,0.002500843,0.002342081,0.01975173,0.02099292,0.05477654,0.09357703,0.4427596,0.1247936,0.0298882,0.1266734
5,0.0002072818,0.0003307161,0.0002969315,1.147939E-05,0.001754778,0.004144956,0.006512405,0.01202152,0.06776819,0.002605122,0.002441468,0.02039351,0.02048567,0.0561287,0.09352136,0.4411954,0.123244,0.02568651,0.12125
6,0.0002316235,0.0003697863,0.0003288407,1.29789E-05,0.001969575,0.004686311,0.007415682,0.01356851,0.08569793,0.00288259,0.00262006,0.02228069,0.02223199,0.06207174,0.100004,0.4073472,0.1270547,0.02101526,0.1182105
7,0.0002758882,0.0004412941,0.0003888257,1.555893E-05,0.002358397,0.005598527,0.008891406,0.01611575,0.1076225,0.003267488,0.002846418,0.02499907,0.02545856,0.07135718,0.1106971,0.3498948,0.1344901,0.01806302,0.1172182
8,0.0003258845,0.000523039,0.0004567583,1.839799E-05,0.002801494,0.006588202,0.01046227,0.01878132,0.1250316,0.003607823,0.0030264,0.02748758,0.02864517,0.08086351,0.1210222,0.28944,0.1424109,0.01800901,0.1204986
9,0.0003881664,0.0006265273,0.0005424399,2.184159E-05,0.003354242,0.007766025,0.01227631,0.02184474,0.1377661,0.003925834,0.003133528,0.02974358,0.03216916,0.09140141,0.1321619,0.2315332,0.1498894,0.01723292,0.1242227
10,0.000457853,0.0007445365,0.0006391698,2.563007E-05,0.003974081,0.009029915,0.01416834,0.02503704,0.1453518,0.004196509,0.003198547,0.03173597,0.03560665,0.1022868,0.1433334,0.1763004,0.1581095,0.01681759,0.1289865
11,0.0005115059,0.000839157,0.0007142985,2.846535E-05,0.004456161,0.009935736,0.01544073,0.02714915,0.1422302,0.004289452,0.00317704,0.03258518,0.03729315,0.109767,0.1502605,0.1342158,0.1664329,0.01919117,0.1414824
12,0.0006082394,0.001009186,0.0008518544,3.364563E-05,0.005312028,0.01158064,0.01776631,0.03117043,0.1455601,0.004521885,0.0031236,0.03410583,0.04134788,0.1229508,0.1631942,0.09083914,0.1722729,0.01490783,0.1388436
13,0.0006548057,0.001104984,0.0009227636,3.6066E-05,0.005740367,0.01217941,0.01858327,0.03267189,0.1410954,0.004443309,0.002990127,0.03397335,0.04177356,0.13333,0.1746074,0.0615522,0.1726176,0.01870888,0.1430146
14,0.0006338332,0.001088324,0.0008987712,3.478289E-05,0.005575105,0.01156253,0.01752441,0.03092038,0.1181819,0.004069458,0.002739126,0.03165727,0.03817431,0.1282099,0.1684182,0.05318048,0.1835171,0.02815694,0.1754571
15,0.0006172131,0.001078318,0.0008807135,3.37944E-05,0.005445527,0.01106742,0.01666534,0.02954615,0.1004525,0.003856034,0.002629586,0.0304891,0.0356627,0.1254658,0.1663459,0.05019316,0.1968752,0.02975001,0.1929457
16,0.0005546845,0.0009848287,0.0007955511,3.03352E-05,0.004907735,0.009843925,0.01474604,0.02627101,0.07994311,0.003601732,0.002598758,0.0290374,0.03142824,0.117545,0.1600295,0.06160738,0.2117431,0.03670042,0.2076314
17,0.0004615429,0.0008311091,0.0006643587,2.524503E-05,0.004093443,0.008166648,0.01220175,0.02183067,0.06024447,0.003338144,0.002617373,0.02724939,0.02635629,0.1058993,0.1489756,0.1013262,0.2186114,0.04516825,0.2119387
18,0.0003905212,0.0007121054,0.0005637225,2.1414E-05,0.003469803,0.006919514,0.0103314,0.01856069,0.04793479,0.003186113,0.002633803,0.02579834,0.02303645,0.09684035,0.1391538,0.1775937,0.2096991,0.04123371,0.1919207
19,0.0003450069,0.0006362878,0.0004991037,1.902284E-05,0.003069539,0.006140687,0.009178345,0.01655991,0.04186821,0.003119907,0.002622029,0.02476925,0.02127518,0.09080527,0.1319874,0.2549425,0.1939421,0.0332411,0.1649792
20,0.0003400877,0.0006345082,0.0004933575,1.88928E-05,0.003029299,0.0060714,0.009083664,0.01647054,0.04205934,0.003234846,0.002648427,0.02500048,0.02178661,0.09157707,0.1330204,0.2925608,0.1834075,0.02526464,0.1432981
21,0.0003622462,0.000684232,0.0005274618,2.028384E-05,0.003230677,0.006464595,0.009673624,0.01763836,0.04592729,0.003462061,0.002702111,0.02608227,0.02374925,0.09706986,0.1398137,0.2962026,0.1783881,0.02002613,0.1279752
22,0.0003720962,0.0007117306,0.0005438889,2.098573E-05,0.003323596,0.006633778,0.00992419,0.01819398,0.04804472,0.003543725,0.002681755,0.02632765,0.02463054,0.09940275,0.1424494,0.292781,0.1730625,0.02173346,0.1256182
23,0.0003957169,0.0007673626,0.0005812955,2.244917E-05,0.003541391,0.007023526,0.01048554,0.01933486,0.05083814,0.003658226,0.002652347,0.02682577,0.02611613,0.1040463,0.1478606,0.2768794,0.1711181,0.02108242,0.1267704
24,0.000383842,0.0007542885,0.0005662527,2.189203E-05,0.00344324,0.006799692,0.01013452,0.01878634,0.04895249,0.00352869,0.002547923,0.02590714,0.02520404,0.1014144,0.1444971,0.2776672,0.1674805,0.02573703,0.1361736
25,0.0003818105,0.0007492006,0.0005579219,2.17749E-05,0.0034344,0.006724019,0.01003946,0.01878327,0.0532419,0.003466703,0.002498498,0.02571522,0.02503027,0.1133498,0.1644084,0.2478095,0.1569112,0.03119964,0.135677
26,0.0003579375,0.0007010628,0.0005179735,2.043048E-05,0.003229805,0.006287804,0.009412121,0.01777132,0.04927868,0.003301369,0.00241612,0.02475892,0.02372541,0.107775,0.1600446,0.2556601,0.1606329,0.03298716,0.1411214
27,0.0003324195,0.0006495391,0.0004762829,1.901045E-05,0.003009685,0.005844027,0.008778317,0.01672366,0.04594759,0.003182949,0.002382406,0.02405407,0.02254935,0.1022703,0.1558835,0.2713799,0.1623729,0.03347429,0.1406698
28,0.0003247399,0.000633112,0.0004609439,1.86268E-05,0.002950988,0.005715848,0.00861812,0.01657122,0.04556353,0.003209345,0.002414818,0.02420751,0.02269616,0.101184,0.1572603,0.2779021,0.1640975,0.03034235,0.135829
29,0.0003098183,0.0006023697,0.000435617,1.783304E-05,0.00282613,0.005472494,0.00828837,0.01607545,0.04459063,0.003196486,0.00243369,0.02406682,0.02238414,0.09831271,0.1560384,0.2882695,0.163421,0.03093036,0.1323282
30,0.0003100297,0.0006014105,0.0004322221,1.791296E-05,0.002839758,0.005489277,0.008349127,0.01633557,0.04574885,0.003282987,0.002481834,0.0245067,0.02311462,0.09902508,0.159293,0.2866277,0.1637126,0.02884996,0.1289813
31,0.0003274131,0.0006341667,0.0004531322,1.89836E-05,0.003012281,0.005794969,0.008845079,0.01746267,0.04908792,0.003473072,0.002556305,0.02558574,0.02504439,0.1037676,0.1677834,0.2721362,0.1659351,0.02469511,0.1233867
32,0.0003517276,0.0006808651,0.0004838142,2.045032E-05,0.003251697,0.006207149,0.009498636,0.01892484,0.05279022,0.003669896,0.0026093,0.02670018,0.02736612,0.10975,0.1775352,0.2508854,0.1683347,0.02224873,0.118691
33,0.0003889039,0.0007536625,0.0005326396,2.265609E-05,0.003615286,0.00681682,0.01044236,0.02100754,0.05710838,0.003887351,0.002624347,0.02787274,0.03043298,0.118165,0.1897484,0.2223199,0.1708934,0.01946985,0.1138978
34,0.0004246643,0.0008249665,0.0005797851,2.476968E-05,0.003971988,0.007377614,0.01129983,0.02296161,0.05996782,0.004020963,0.002579653,0.0285384,0.03311133,0.1255544,0.1998379,0.1946681,0.172784,0.01890809,0.1125642
35,0.0004076196,0.0007937374,0.0005545023,2.378261E-05,0.003836892,0.007044263,0.01078469,0.02211194,0.05501895,0.003771501,0.002396663,0.02691131,0.03155991,0.1203289,0.1929048,0.1890299,0.1722022,0.02964497,0.1306735
36,0.0003691757,0.000719749,0.0004998562,2.154606E-05,0.003496047,0.006369262,0.009755588,0.0201695,0.04821548,0.003469253,0.002264292,0.02516022,0.02865121,0.1110264,0.1815984,0.2017976,0.1729415,0.03653298,0.1469419
37,0.0002931241,0.0005776662,0.0003980859,1.726208E-05,0.002799768,0.005124468,0.007855299,0.01629549,0.03533684,0.003047392,0.002180871,0.02239322,0.02336291,0.08491836,0.1415629,0.288556,0.1731791,0.03789567,0.1542055
38,0.0002436722,0.0004842049,0.0003312549,1.452339E-05,0.002345224,0.004337138,0.006676651,0.01388805,0.0319831,0.002827778,0.00218223,0.02087894,0.02017635,0.07522469,0.1275678,0.3580981,0.1574348,0.03547146,0.1398342
39,0.0002017746,0.000402983,0.0002738101,1.221309E-05,0.001954727,0.003677841,0.005712133,0.01189789,0.03095014,0.002642888,0.002180848,0.01954771,0.01748086,0.06661117,0.1146761,0.4209094,0.1413767,0.03415567,0.1253352
40,0.000171536,0.0003432056,0.0002317254,1.05787E-05,0.0016709,0.00321557,0.005061998,0.01054169,0.03291516,0.002522722,0.002190113,0.01862762,0.0155625,0.06027307,0.1047161,0.4668032,0.1278314,0.03312922,0.1141817
41,0.0001538014,0.0003073014,0.0002063016,9.6854E-06,0.001505111,0.002970868,0.004759251,0.009890839,0.03890518,0.002492204,0.002233216,0.01833077,0.01455666,0.05683997,0.09879472,0.4915267,0.1186302,0.03135181,0.1065355
42,0.0001594479,0.0003178105,0.0002123118,1.023926E-05,0.001567808,0.003154847,0.005143558,0.01065249,0.05280444,0.002685398,0.002388601,0.01955365,0.01555479,0.05953793,0.1021521,0.4774588,0.1177869,0.026096,0.1027629
43,0.0001864457,0.0003711722,0.0002469303,1.213867E-05,0.001843955,0.003734969,0.006173915,0.01272509,0.0740699,0.00306213,0.00260859,0.02195326,0.01837452,0.06747831,0.1129802,0.4332419,0.122394,0.01987103,0.09867152
44,0.0002356175,0.0004694691,0.0003111258,1.5455E-05,0.002346799,0.004722898,0.007882139,0.01616088,0.1021321,0.003598307,0.002891541,0.02546635,0.02300047,0.08042642,0.1303795,0.3585771,0.131207,0.01543255,0.09474425
45,0.0002982876,0.000596787,0.0003939075,1.959237E-05,0.002996183,0.005925742,0.009933758,0.02026514,0.1284756,0.004108398,0.003088886,0.02877801,0.0282789,0.09500502,0.1486709,0.2794005,0.1390829,0.01358643,0.09109511
46,0.0003455383,0.0006959875,0.0004572066,2.264684E-05,0.003503725,0.006781698,0.01137674,0.02310669,0.1390261,0.00430166,0.003082623,0.03009273,0.03141718,0.1041425,0.1583375,0.2214846,0.1438532,0.0177091,0.1002626
47,0.0003363393,0.0006825076,0.0004458543,2.196636E-05,0.003444613,0.006554178,0.01098582,0.02221055,0.1228481,0.003981716,0.002881371,0.02830427,0.02933502,0.1003904,0.1513694,0.2000934,0.1491188,0.03161042,0.1353852
48,0.0003327988,0.0006804678,0.0004421199,2.168916E-05,0.003443295,0.006452305,0.01081496,0.02177693,0.110523,0.003864091,0.002881941,0.02801974,0.02827748,0.09992792,0.1502364,0.1811813,0.1600284,0.0337874,0.1573076
49,0.0003404577,0.000700941,0.0004509205,2.206566E-05,0.003552305,0.00653854,0.01101963,0.02221069,0.114084,0.003886004,0.002868557,0.02872489,0.02833429,0.1133484,0.1725073,0.1510413,0.1593218,0.03290719,0.1481407
50,0.0003281471,0.0006806804,0.0004336449,2.11868E-05,0.003455215,0.006272464,0.01062773,0.02144862,0.1009515,0.003802131,0.00282267,0.02854662,0.02719478,0.11124,0.1723239,0.1514246,0.1705093,0.03550403,0.1524129
51,0.0003106961,0.0006496737,0.000410058,2.001768E-05,0.003303003,0.00593356,0.01010615,0.02042932,0.088603,0.003731153,0.002792596,0.02823709,0.02599667,0.1082563,0.170732,0.160992,0.1772654,0.03795048,0.1542809
52,0.0002907982,0.0006129968,0.0003835575,1.872803E-05,0.003121855,0.005568597,0.009537032,0.01931371,0.07808291,0.003679527,0.00277825,0.02787605,0.02486936,0.1048686,0.1681481,0.1811887,0.1795849,0.03868781,0.1513885
53,0.0002763433,0.0005872444,0.0003645237,1.781709E-05,0.002995668,0.005315434,0.009156528,0.01858361,0.07112765,0.003681938,0.002775735,0.02771831,0.02433293,0.1027723,0.1667306,0.2042509,0.1783662,0.03657118,0.1443752
54,0.0002761254,0.0005916481,0.0003645967,1.783659E-05,0.00302155,0.005326899,0.009228349,0.01878531,0.06895998,0.003788148,0.002790039,0.0281466,0.025015,0.1041528,0.1696329,0.2172779,0.1763763,0.0314152,0.1348327
55,0.0002950734,0.0006382127,0.0003906329,1.909816E-05,0.003259219,0.005684276,0.009894734,0.02022637,0.07140515,0.004014773,0.002808708,0.02928449,0.02725102,0.1102483,0.178498,0.2127373,0.1755207,0.02467965,0.1231442
56,0.0003311506,0.0007243236,0.0004403676,2.146825E-05,0.003693226,0.006336845,0.01106928,0.02275311,0.07670875,0.004307106,0.002799075,0.03079176,0.03073713,0.1202119,0.1917619,0.1925237,0.1753419,0.01893,0.110517
57,0.0003602585,0.0007978851,0.0004816375,2.337767E-05,0.004058171,0.00683456,0.01196651,0.02475046,0.07887627,0.00443751,0.002707331,0.03135587,0.03319295,0.1272941,0.2003219,0.170989,0.1742088,0.019675,0.1076684
58,0.0003640585,0.0008170972,0.0004894201,2.363097E-05,0.0041433,0.006853945,0.01201433,0.02500733,0.07447994,0.004290235,0.002512745,0.03023373,0.0330373,0.1270218,0.1987166,0.160357,0.1725553,0.02669423,0.1203879
59,0.0003558148,0.0008091243,0.0004807502,2.310093E-05,0.00409086,0.006658455,0.01168179,0.02447425,0.06818607,0.004089054,0.002360095,0.02900466,0.03189496,0.1240907,0.1947832,0.1571084,0.1737057,0.03098637,0.1352165
60,0.0003331986,0.0007669401,0.0004519669,2.164135E-05,0.00386839,0.006220084,0.01092382,0.02303065,0.06051795,0.003851585,0.002257079,0.02767008,0.02977634,0.1180521,0.1879495,0.1696132,0.1756055,0.03466399,0.1444262
61,0.0003075511,0.0007121317,0.0004181387,2.000788E-05,0.003605544,0.005752984,0.01010372,0.02141447,0.05205982,0.00366767,0.002305928,0.02652011,0.02804005,0.1076384,0.1738327,0.2020383,0.1786862,0.03424168,0.1486346
62,0.0002676321,0.0006220419,0.0003640402,1.745005E-05,0.003164764,0.005042026,0.00886735,0.01887507,0.04514668,0.003404379,0.002332833,0.024846,0.02511687,0.09778868,0.1613723,0.2496036,0.1712323,0.03728875,0.1446474
63,0.0002361859,0.0005500384,0.0003210361,1.545654E-05,0.002814087,0.004492121,0.007924564,0.01693585,0.0411451,0.003222924,0.00237051,0.02358436,0.02296914,0.0898423,0.1511161,0.2981453,0.1616169,0.03643237,0.1362656
64,0.0002195416,0.000511491,0.0002979273,1.443905E-05,0.002632933,0.004218348,0.00747646,0.01603924,0.04081814,0.003180355,0.002450642,0.02318556,0.02217096,0.08591449,0.1465607,0.3309523,0.1540866,0.03270344,0.1265663
65,0.0002192534,0.0005106868,0.0002970321,1.449587E-05,0.002645028,0.004246656,0.007567101,0.01629543,0.04402988,0.003284059,0.002577889,0.02373126,0.02287921,0.08661567,0.148776,0.3388757,0.1505914,0.02822906,0.1186141
66,0.0002373111,0.000552905,0.0003212757,1.575303E-05,0.002879428,0.004608453,0.008250267,0.01783947,0.05057066,0.003537197,0.002745459,0.02522352,0.02529733,0.09247392,0.158489,0.3198491,0.1515587,0.02343949,0.1121107
67,0.0002702145,0.0006306159,0.0003661244,1.79734E-05,0.003298835,0.005229357,0.009391318,0.02039908,0.05900313,0.003873664,0.002914333,0.02723734,0.02901726,0.1021155,0.1733486,0.2815312,0.1551164,0.01968993,0.1065491
68,0.0003077675,0.0007206931,0.0004179539,2.047291E-05,0.003783283,0.005910055,0.01062795,0.02319949,0.06635717,0.00416052,0.003020593,0.02896283,0.03287175,0.1122211,0.1881767,0.2370141,0.1587922,0.01866172,0.1047737
69,0.0003374537,0.0007942754,0.0004598393,2.242017E-05,0.004180884,0.006418506,0.01153756,0.02531821,0.06969536,0.004279868,0.003015134,0.02966718,0.03551619,0.1193065,0.1979552,0.1987304,0.161484,0.02079766,0.1104833
70,0.0003370462,0.0007977731,0.0004607586,2.234901E-05,0.004211069,0.006367409,0.01142914,0.02520206,0.06582399,0.004112631,0.002900503,0.02874866,0.03490329,0.1180945,0.196257,0.1779965,0.1641782,0.02883509,0.1293221
71,0.0003089395,0.0007345622,0.0004231253,2.044341E-05,0.003892043,0.005828374,0.01044759,0.02312722,0.05741354,0.003802858,0.002796435,0.02714305,0.03177996,0.110424,0.1865974,0.1796414,0.1683661,0.03780449,0.1494485
72,0.0003038553,0.0007258879,0.0004171166,2.00912E-05,0.0038606,0.005724995,0.01025032,0.0227973,0.05432418,0.003772622,0.002840353,0.02719552,0.03141461,0.1098332,0.1878351,0.1806855,0.1733088,0.03381381,0.1508761
73,0.000281603,0.000666472,0.0003846674,1.859209E-05,0.003605428,0.005301856,0.009528086,0.02126622,0.04913281,0.00365391,0.00284036,0.02655312,0.02961847,0.1042762,0.1817739,0.2027756,0.1750424,0.03477629,0.1485041
74,0.0002629719,0.0006164283,0.0003574824,1.735284E-05,0.003392211,0.004955818,0.008944182,0.02003218,0.04570666,0.003573109,0.002835961,0.02598277,0.02829354,0.1001004,0.1772937,0.2261597,0.1724421,0.03477622,0.1442572
75,0.0002487634,0.0005772072,0.0003364777,1.641998E-05,0.003231738,0.004698379,0.008522392,0.0191506,0.0438373,0.003536086,0.002842712,0.02562026,0.02747288,0.09698222,0.1740734,0.2493224,0.1683553,0.03322217,0.1379534
76,0.0002397676,0.000550409,0.0003226626,1.583863E-05,0.003135563,0.004539203,0.008281122,0.01866792,0.04344269,0.003538172,0.002856019,0.0254693,0.02717537,0.09509619,0.172443,0.2678031,0.1638625,0.03119808,0.1313631
77,0.0002273269,0.000515754,0.0003041576,1.502816E-05,0.002990356,0.004318675,0.007930091,0.01792248,0.04289528,0.003487536,0.002836469,0.02499034,0.02639379,0.09182204,0.1682893,0.2884652,0.1579758,0.03162568,0.1269947
78,0.0002300381,0.0005158562,0.0003061702,1.521643E-05,0.003042577,0.004371182,0.008081082,0.0183184,0.04526156,0.003574254,0.002870116,0.02535822,0.0272216,0.09291624,0.1709535,0.2916165,0.1551466,0.0281292,0.1220716
79,0.000252036,0.0005593732,0.0003341997,1.667012E-05,0.00335239,0.004762632,0.008860794,0.02016514,0.05084852,0.003820217,0.002948238,0.02666433,0.03011497,0.09950041,0.1819985,0.2744257,0.1558114,0.02198969,0.1135748
80,0.000285023,0.0006270652,0.0003770494,1.88318E-05,0.003814598,0.00532984,0.009971966,0.02280203,0.05766673,0.004106275,0.003019558,0.02825236,0.03402102,0.1086591,0.1965407,0.2432024,0.1577856,0.01808639,0.1054335
81,0.0002838316,0.0006191743,0.0003744157,1.870213E-05,0.003823112,0.005266723,0.009897172,0.02271421,0.05654784,0.003972601,0.002886709,0.02736526,0.03358692,0.1069416,0.1936547,0.2334044,0.1557241,0.02694505,0.1159735
82,0.0002695221,0.0005827582,0.0003543,1.770067E-05,0.00365321,0.004972708,0.009383484,0.0216033,0.05276918,0.003742659,0.002748128,0.02603164,0.03167024,0.1017882,0.1859791,0.2371319,0.1546231,0.03255829,0.1301206
83,0.0002459422,0.0005262573,0.0003216618,1.610381E-05,0.003352071,0.004532466,0.008593646,0.01982973,0.04824616,0.003501317,0.002658952,0.02470958,0.02895723,0.09464266,0.175986,0.2600048,0.1533366,0.03536604,0.1351727
84,0.0002359507,0.0004993618,0.0003069456,1.542E-05,0.003232391,0.004345378,0.008285854,0.01916748,0.04727943,0.00344032,0.002664975,0.02442966,0.02805134,0.09178626,0.1731291,0.2770606,0.1525293,0.03205005,0.1314902
85,0.0002268998,0.0004676303,0.0002947671,1.477089E-05,0.003115368,0.004182701,0.00801022,0.0185607,0.04671749,0.003403577,0.002569037,0.02423361,0.02628141,0.08814045,0.1684986,0.2967855,0.1513815,0.03021601,0.1268997
86,0.0002082996,0.0004176611,0.0002698033,1.351379E-05,0.00286491,0.003857194,0.007424968,0.01721497,0.04529791,0.003267151,0.002453506,0.02337935,0.02365148,0.08253374,0.1604849,0.3232604,0.1457726,0.03312918,0.1244985
87,0.0001972163,0.0003845264,0.0002544797,1.276197E-05,0.002715901,0.003669709,0.007108713,0.01648697,0.04609173,0.003216431,0.002394268,0.0230247,0.0220609,0.07917116,0.1560293,0.3420331,0.1411272,0.03256425,0.1214566
88,0.0002007344,0.0003807294,0.0002580637,1.29628E-05,0.002767727,0.003744077,0.007304114,0.01694902,0.05070348,0.003326964,0.002412169,0.02367202,0.02215434,0.08025482,0.1591851,0.3420316,0.1399977,0.02824079,0.1164035
89,0.0002115751,0.0003907345,0.0002711311,1.36304E-05,0.002921919,0.003944954,0.007750563,0.0179946,0.05714393,0.003495835,0.002449988,0.02469806,0.0229775,0.08330837,0.1655675,0.3293263,0.1405255,0.02512604,0.1118819
90,0.000231327,0.000416908,0.0002959785,1.4855E-05,0.003203504,0.004293,0.0084863,0.01972184,0.06494083,0.003712415,0.002477688,0.02598266,0.02454909,0.08853181,0.175294,0.3043315,0.1423492,0.02251537,0.1086518
91,0.0002688275,0.0004745452,0.0003444167,1.719349E-05,0.003739805,0.004931743,0.009794259,0.02281492,0.07534731,0.004032233,0.002479997,0.02775865,0.02757778,0.09810308,0.1914792,0.2657033,0.1454467,0.01768492,0.102001
92,0.0003123915,0.0005415629,0.0004013827,1.988565E-05,0.004371864,0.005644111,0.01124741,0.02629003,0.08496537,0.004313302,0.002451896,0.02939805,0.03072289,0.1084385,0.2081487,0.221304,0.1489188,0.01555687,0.09695306
93,0.00036522,0.0006240181,0.0004716916,2.313093E-05,0.005150773,0.00647144,0.01291829,0.03034947,0.09325166,0.004538045,0.002336442,0.0305359,0.0340648,0.12003,0.2250307,0.1776773,0.1508699,0.01347624,0.09181507
94,0.0004061631,0.0006854532,0.0005276693,2.558932E-05,0.005779038,0.007055641,0.01408901,0.03330245,0.0956314,0.004549418,0.002153964,0.03049111,0.03571314,0.1276844,0.2347129,0.141265,0.1527406,0.01578298,0.097404
95,0.0004135822,0.0006901157,0.0005402914,2.591545E-05,0.005940198,0.007064126,0.01409127,0.03352072,0.08905751,0.004270227,0.0019224,0.02887896,0.03428803,0.1269175,0.2318062,0.1188942,0.1566532,0.02374138,0.1212841
96,0.0003667827,0.0006042427,0.0004806243,2.284767E-05,0.005314463,0.006212404,0.01236793,0.02956847,0.07292888,0.003737003,0.001732814,0.02612452,0.02910526,0.1144149,0.2137046,0.1219403,0.1662124,0.03836979,0.1567918
97,0.0002677815,0.0004375546,0.0003500865,1.663815E-05,0.003911957,0.004579162,0.009079622,0.02167048,0.04544763,0.003134201,0.001733091,0.02285076,0.02086704,0.08160494,0.15678,0.2224362,0.1780079,0.04806873,0.1787563
98,0.0002000286,0.0003229801,0.0002600506,1.245706E-05,0.002939828,0.003482142,0.00690686,0.01643348,0.03604056,0.002752585,0.001764378,0.0203916,0.01585613,0.06735248,0.1321485,0.3437019,0.1557629,0.04267837,0.1509927
99,0.0001566784,0.0002487957,0.0002016523,9.838247E-06,0.002310441,0.002800585,0.005592023,0.01324187,0.03383562,0.002541873,0.001812769,0.01886598,0.01291011,0.05790212,0.1150981,0.4348871,0.1346572,0.03714859,0.1257787
100,0.0001578807,0.0002465117,0.0002012626,1.001644E-05,0.002334177,0.002875956,0.005795255,0.01366952,0.04271485,0.002744166,0.001955203,0.01998497,0.01340118,0.05972321,0.1179629,0.4467269,0.1291469,0.0275429,0.1128064
101,0.0001905503,0.0002928968,0.0002410232,1.219131E-05,0.002825406,0.003493042,0.007106144,0.01671269,0.06216927,0.003271973,0.002195912,0.02330492,0.01633051,0.06980619,0.1350103,0.4036493,0.1343552,0.01815207,0.1008804
102,0.0002424855,0.0003682289,0.0003053632,1.555731E-05,0.003611975,0.004422441,0.009049742,0.02122888,0.08649769,0.003898083,0.002387994,0.02714906,0.02034498,0.08376741,0.1577741,0.3347554,0.1414385,0.01248327,0.09025896
103,0.0003055456,0.0004603346,0.0003844877,1.955117E-05,0.004581495,0.005487637,0.01124698,0.0263427,0.1082753,0.004421684,0.002419237,0.0301612,0.02440065,0.09833068,0.1795267,0.2652147,0.1452337,0.01133835,0.08184905
104,0.0003749384,0.0005624479,0.0004727031,2.386539E-05,0.005668699,0.006589167,0.01348496,0.03159725,0.1242196,0.004774373,0.002311223,0.03203597,0.02794738,0.112252,0.1980606,0.2038535,0.1461634,0.01135874,0.07824923
105,0.0004402192,0.0006593421,0.0005569361,2.785738E-05,0.006719392,0.007553051,0.01540325,0.03618139,0.1321061,0.004908062,0.002117752,0.03262798,0.0302772,0.1237453,0.2112838,0.1525898,0.1465967,0.01295178,0.08325423
106,0.0004711681,0.0007056306,0.0005983171,2.964604E-05,0.007266486,0.00791062,0.01604952,0.03783941,0.126237,0.004694849,0.001879087,0.03137479,0.02983807,0.127222,0.2128291,0.1162293,0.1498728,0.01956006,0.1093922
107,0.0004264232,0.0006380256,0.0005425163,2.668081E-05,0.00664458,0.007068073,0.01425194,0.03370158,0.1022061,0.00406908,0.001664365,0.02809565,0.02523057,0.1159274,0.1960354,0.1085454,0.1609002,0.03389967,0.1601263
108,0.0003223026,0.0004798167,0.0004090864,2.00618E-05,0.005067111,0.005356446,0.01074393,0.02539825,0.07093391,0.00335915,0.001615716,0.02457813,0.0186155,0.09505274,0.1682588,0.1494249,0.1753932,0.05154031,0.1934306
109,0.0002844785,0.0004108788,0.0003557695,1.752825E-05,0.004481826,0.004727731,0.009453461,0.02243812,0.0689328,0.003147288,0.001488218,0.02386449,0.01721787,0.1015546,0.1900412,0.16751,0.1674317,0.04883748,0.1678046
110,0.0002371546,0.0003314045,0.0002916337,1.449017E-05,0.003738696,0.003977582,0.007941222,0.0189034,0.056487,0.00296042,0.001436305,0.02291202,0.015641,0.08983126,0.1778874,0.2310839,0.1684985,0.04607713,0.1517496
111,0.0002050032,0.0002768453,0.0002478232,1.245489E-05,0.003230126,0.00347932,0.006951541,0.0165992,0.05022742,0.002882497,0.001409055,0.02221611,0.01495755,0.08141951,0.1682151,0.2922334,0.1603251,0.04125378,0.1338582
112,0.0001900016,0.0002477851,0.0002258422,1.150301E-05,0.002988949,0.003261477,0.006537637,0.01566234,0.04976144,0.002934636,0.001406974,0.02220974,0.01527783,0.07751677,0.1648609,0.3303596,0.1520733,0.03526489,0.1192084
113,0.0001805745,0.0002272432,0.0002110413,1.090413E-05,0.002833144,0.003134332,0.006315466,0.01516774,0.05179302,0.003006474,0.001407921,0.02230716,0.01577456,0.07482888,0.1627481,0.3535823,0.1441882,0.03265579,0.1096271
114,0.0001763823,0.0002141831,0.0002027974,1.062438E-05,0.002758617,0.003090916,0.006268096,0.0150773,0.05578154,0.003095943,0.001408929,0.02254819,0.01644772,0.0734078,0.1623577,0.3628351,0.1380132,0.03145895,0.1048459
115,0.0001953274,0.0002294902,0.0002216634,1.172976E-05,0.003048554,0.003424397,0.00699221,0.01685883,0.06638578,0.0034075,0.001415316,0.02416693,0.01902773,0.07892094,0.1745296,0.3398011,0.1383242,0.02429448,0.098744
116,0.0002162497,0.000246184,0.0002425624,1.293126E-05,0.003370608,0.00378159,0.007771587,0.01877051,0.07710336,0.003690734,0.001415084,0.02574881,0.02162077,0.08451887,0.1866865,0.307632,0.1396294,0.02220122,0.09534105
117,0.0002401554,0.0002657311,0.0002670075,1.427783E-05,0.003744928,0.004170614,0.00861354,0.02083969,0.08604738,0.003917898,0.001362827,0.02693392,0.02419564,0.09026961,0.1982316,0.2725425,0.1408783,0.02177496,0.09568934
118,0.0002679725,0.0002889756,0.0002959809,1.582567E-05,0.004187311,0.00460677,0.009549767,0.02315227,0.09349076,0.004116558,0.00128759,0.02798208,0.02686693,0.09665265,0.2104805,0.2346868,0.1431801,0.02110197,0.09778911
119,0.0003008058,0.0003169497,0.0003307294,1.763944E-05,0.004717187,0.005105796,0.0106122,0.02579837,0.09967699,0.004301798,0.001199185,0.02899479,0.0297451,0.1040183,0.2241554,0.1942397,0.1466855,0.0199461,0.09983746
120,0.0003151449,0.00032486,0.000345072,1.833911E-05,0.004963991,0.00529346,0.01101541,0.02684214,0.09769935,0.004265679,0.001101405,0.02885392,0.03061792,0.1062151,0.2288373,0.1653501,0.1506743,0.02520549,0.112061
121,0.00030624,0.0003173669,0.0003370642,1.756297E-05,0.00482933,0.00510283,0.0106053,0.02591111,0.0919689,0.004012994,0.001020863,0.02757811,0.0295498,0.1068946,0.2339599,0.1439106,0.1519182,0.03402447,0.1277348
122,0.0002870379,0.0002986586,0.0003171843,1.622543E-05,0.004529379,0.004769159,0.009891744,0.02421664,0.08064049,0.003789286,0.0009968452,0.02660838,0.02788402,0.1011895,0.2276289,0.1472307,0.1593384,0.03969839,0.140669
123,0.0002685112,0.0002801329,0.0002976253,1.496973E-05,0.004236555,0.00446427,0.009240398,0.02266487,0.0716982,0.003664493,0.001018161,0.02613964,0.02666603,0.09633178,0.2232971,0.1636067,0.1643158,0.04009276,0.141702
124,0.0002483454,0.0002593795,0.0002758423,1.366395E-05,0.003913732,0.004144604,0.008564676,0.0210409,0.06431807,0.00357165,0.001061251,0.02569318,0.02551006,0.09112423,0.2176306,0.1919262,0.1647129,0.0396048,0.1363859
125,0.0002275007,0.0002374914,0.0002529742,1.236273E-05,0.003576638,0.003820053,0.007887969,0.01940202,0.05851624,0.003483088,0.00111113,0.0250859,0.02432602,0.08549019,0.2098446,0.228179,0.1604634,0.03928471,0.1287987
126,0.0002215742,0.0002311291,0.0002467654,1.190699E-05,0.003473247,0.003734687,0.007717275,0.01901945,0.05765198,0.003533716,0.001164947,0.02518865,0.02464429,0.08378476,0.2092251,0.2506634,0.1560747,0.03413624,0.1192761
127,0.0002307961,0.0002407593,0.0002577632,1.227482E-05,0.003607936,0.003887918,0.008048614,0.01989296,0.06097338,0.003712273,0.001206665,0.02600004,0.02648664,0.08606771,0.2163478,0.25319,0.1536089,0.02744032,0.1087873
128,0.0002495025,0.0002606796,0.0002799004,1.313585E-05,0.003892961,0.00418246,0.008677092,0.02152239,0.06625093,0.003931729,0.001218788,0.02702151,0.02916843,0.09049164,0.2272326,0.2402763,0.1521777,0.02302184,0.1001303
129,0.0002727314,0.0002859446,0.0003078508,1.421044E-05,0.004252607,0.004533049,0.009421012,0.02346231,0.07136365,0.004116599,0.001189504,0.02780873,0.0320347,0.09553023,0.238455,0.2192344,0.1510741,0.02121457,0.09542881
130,0.0002981011,0.0003142236,0.0003390528,1.536735E-05,0.004651203,0.004899254,0.01019309,0.02550132,0.07534263,0.004241998,0.001125009,0.02824987,0.03477934,0.1005933,0.248867,0.1951643,0.1504096,0.02060685,0.0944085
131,0.0003101157,0.0003289071,0.0003554582,1.580965E-05,0.004845514,0.005045028,0.01049678,0.02637349,0.0748614,0.004189841,0.001041638,0.02779233,0.03571059,0.1019062,0.2515808,0.1782609,0.1502312,0.02467211,0.1019819
132,0.0002943016,0.0003138124,0.0003394806,1.482854E-05,0.004604369,0.004765523,0.00990306,0.02495361,0.06795937,0.003912334,0.0009671578,0.02627823,0.0335108,0.09649428,0.24187,0.1782923,0.1512994,0.03481701,0.11941
133,0.0002640951,0.0002764076,0.0003077071,1.321737E-05,0.004147432,0.004286705,0.008917166,0.02247196,0.0560911,0.003669469,0.001076741,0.02511025,0.02977563,0.08321497,0.213342,0.2154926,0.1564709,0.04052838,0.1345434
134,0.0002318184,0.0002376922,0.000272169,1.153896E-05,0.003649459,0.003792149,0.007903794,0.01989972,0.05024688,0.003460471,0.001228447,0.02405949,0.02625692,0.07588956,0.1998005,0.2595415,0.1512435,0.04113531,0.131139
135,0.0002042316,0.0002047373,0.0002410585,1.01287E-05,0.003217985,0.003380417,0.007072075,0.01777378,0.04713674,0.003316558,0.001407021,0.02326549,0.02350383,0.06951907,0.1876321,0.3066348,0.1433731,0.03971983,0.1223871
136,0.000182691,0.0001787027,0.000216292,9.042868E-06,0.002876085,0.003067815,0.00645632,0.01618212,0.04683391,0.00322874,0.00159389,0.02271105,0.02147928,0.06438521,0.177409,0.3469857,0.1346387,0.0382164,0.113349
137,0.000174153,0.0001660529,0.0002065526,8.613331E-06,0.00273575,0.00296286,0.006285861,0.01570612,0.05096131,0.003273809,0.001791384,0.02292269,0.02089006,0.06243512,0.1741849,0.365803,0.1286273,0.03476001,0.1061045
138,0.0001860304,0.0001731141,0.0002212507,9.189077E-06,0.002916141,0.00318231,0.006812354,0.01697931,0.06137983,0.003537932,0.002000724,0.02443083,0.02255355,0.06564431,0.1830586,0.3517719,0.1279172,0.02777298,0.09945246
139,0.00021556,0.0001963238,0.0002576811,1.061316E-05,0.003375998,0.003672431,0.007927169,0.01972722,0.07648468,0.003946228,0.00218051,0.02671975,0.02600542,0.07281109,0.2005764,0.3137094,0.1300581,0.02082887,0.09129664
140,0.0002558309,0.0002286782,0.0003079713,1.252491E-05,0.004009405,0.004309791,0.009367016,0.02329281,0.0928576,0.004373148,0.002316847,0.02916674,0.03025064,0.08175438,0.2213234,0.2602034,0.1331639,0.01754197,0.08526394
141,0.0003024368,0.0002662875,0.0003675625,1.469111E-05,0.004753114,0.00500741,0.01093403,0.02720064,0.1062828,0.004702795,0.002332046,0.0308857,0.03450536,0.09093573,0.2405868,0.2096135,0.1347039,0.01571635,0.08088888
142,0.0003291403,0.0002860083,0.000404028,1.584146E-05,0.005194187,0.005359288,0.01173167,0.02920364,0.1086185,0.004696281,0.002233561,0.03073538,0.03592337,0.09471718,0.2468002,0.1760545,0.1355341,0.02148486,0.09067826
143,0.0003206936,0.0002750553,0.0003971217,1.528076E-05,0.005083852,0.005164252,0.01131155,0.02815421,0.09834025,0.004366212,0.002103658,0.02900072,0.03356008,0.09112731,0.2381588,0.1634511,0.1393633,0.03316125,0.1166454
144,0.0003026694,0.0002560193,0.0003775388,1.428557E-05,0.004818799,0.004844525,0.01061225,0.02639938,0.08710893,0.004092351,0.00207791,0.02782885,0.03082115,0.08667842,0.2298979,0.1665722,0.1459674,0.03801323,0.1333162
145,0.0002869448,0.0002414699,0.0003593512,1.342121E-05,0.004588996,0.004586075,0.01004369,0.02493248,0.07554566,0.003983729,0.002222617,0.02748636,0.02847749,0.07990658,0.214752,0.1931549,0.1539196,0.03637899,0.1391196
146,0.000253846,0.0002121549,0.0003185102,1.178335E-05,0.004074445,0.004079989,0.008937301,0.02211125,0.06620046,0.003752191,0.002332382,0.02629676,0.02495655,0.07364415,0.2017915,0.2357259,0.1507736,0.03898346,0.1355436
147,0.0002326464,0.0001929763,0.0002922521,1.074156E-05,0.003745354,0.003766205,0.008263707,0.0203773,0.06210603,0.003644991,0.002445565,0.02565771,0.02289267,0.06965287,0.1934596,0.2728233,0.1451447,0.03701669,0.1282748
148,0.0002228236,0.0001833281,0.0002800348,1.024974E-05,0.00359539,0.003633636,0.007997676,0.01965769,0.06260454,0.00365346,0.002570511,0.02565833,0.02204582,0.06799246,0.1904063,0.2965404,0.1401187,0.03308625,0.1197424
149,0.0002228862,0.0001818896,0.000280187,1.022048E-05,0.003603083,0.003653712,0.008074246,0.01978667,0.066606,0.003743928,0.002692986,0.02613129,0.02211461,0.06827588,0.1917425,0.3040228,0.1364833,0.02958922,0.1127845
150,0.0002279457,0.0001845598,0.0002866287,1.04149E-05,0.003691027,0.003746478,0.00831395,0.02031579,0.07207841,0.003851335,0.002791785,0.02671159,0.02253403,0.06936257,0.1947403,0.3008162,0.1338651,0.02778023,0.1086916
151,0.00022761,0.0001828286,0.0002861404,1.035244E-05,0.00369092,0.003749374,0.008352167,0.0203414,0.07547364,0.003859785,0.002831674,0.02672932,0.02229509,0.06894632,0.1938339,0.3003143,0.1308396,0.02922536,0.1088102
152,0.0002486863,0.0001985504,0.0003131254,1.125084E-05,0.004041435,0.004076642,0.009113398,0.02215051,0.08444113,0.00407413,0.002914373,0.02791617,0.02393683,0.07310178,0.2038729,0.2780521,0.1312902,0.02440987,0.1058369
153,0.0002736101,0.0002173461,0.0003452564,1.230246E-05,0.004458762,0.004450149,0.009978679,0.02422052,0.0933957,0.004285356,0.002993737,0.02919924,0.02572807,0.07777363,0.2149902,0.2505737,0.1329627,0.02170091,0.1024402
154,0.0002886802,0.0002284256,0.0003652805,1.288594E-05,0.004721113,0.004656047,0.01045733,0.02535338,0.09670255,0.004329802,0.00298398,0.0295066,0.02635892,0.07992899,0.2198193,0.2304491,0.1339294,0.02400556,0.1059027
155,0.0002715833,0.0002139806,0.0003442149,1.202651E-05,0.004457819,0.004368694,0.009813151,0.02373814,0.08856197,0.004046808,0.002861111,0.02792167,0.02413016,0.07549025,0.209268,0.2377175,0.1335423,0.03373556,0.119505
156,0.0002426962,0.0001900955,0.0003075435,1.067452E-05,0.003995745,0.003916786,0.0088034,0.02122603,0.07870739,0.003737536,0.002786132,0.02624744,0.0212867,0.06928625,0.194879,0.2659437,0.1324382,0.03922103,0.1267737
157,0.0002415829,0.0001857319,0.0003040329,1.048966E-05,0.003979244,0.003882147,0.008757975,0.02116438,0.09244881,0.003663708,0.002651774,0.02602886,0.02104898,0.0819947,0.2358932,0.2280787,0.1245305,0.0340879,0.1110471
158,0.0002394584,0.0001806866,0.0002992234,1.027266E-05,0.003946064,0.003840786,0.008697643,0.02106436,0.09063032,0.003642177,0.002588485,0.02608957,0.02099374,0.08093257,0.2382401,0.2286508,0.1299112,0.03234086,0.1077019
159,0.0002371884,0.0001757722,0.0002944585,1.005905E-05,0.003911393,0.003799055,0.008635358,0.02096142,0.0888642,0.003627569,0.002523279,0.02602763,0.02102453,0.07978985,0.2395591,0.2292488,0.1327968,0.03253949,0.105974
160,0.0002351066,0.000171184,0.0002900832,9.860632E-06,0.003879912,0.003761813,0.00858268,0.02088099,0.08735084,0.003623514,0.002466996,0.02594576,0.02112298,0.07871015,0.2405357,0.230524,0.134315,0.03274861,0.104845
161,0.0002381026,0.0001704416,0.0002921601,9.879111E-06,0.003932569,0.003801118,0.008707088,0.0212383,0.08774842,0.00367339,0.00243173,0.02613799,0.02168443,0.07891059,0.244383,0.227743,0.1354426,0.03091553,0.1025397
162,0.0002433893,0.000171394,0.0002971655,9.990446E-06,0.004023531,0.003872381,0.008906579,0.02178431,0.08878244,0.003736879,0.002399541,0.02638599,0.02241564,0.07958963,0.2491176,0.2226036,0.1361979,0.02937924,0.1000829
163,0.0002473122,0.0001714313,0.0003005993,1.004153E-05,0.004092669,0.003919621,0.009050434,0.02219565,0.08894654,0.003770065,0.002354356,0.0264395,0.02295179,0.07980246,0.252295,0.2180394,0.1364402,0.0295772,0.09939564
164,0.0002575779,0.0001759606,0.0003120052,1.034574E-05,0.004269125,0.004056709,0.009404832,0.02313923,0.090734,0.003848188,0.002313926,0.02673833,0.02398401,0.08145831,0.2589,0.2080387,0.1370583,0.02749432,0.09780627
165,0.0002662063,0.0001793736,0.0003215455,1.057625E-05,0.004420735,0.004164358,0.009690613,0.0239212,0.09138351,0.003890002,0.002261871,0.02684836,0.02477488,0.08259616,0.2640076,0.1992955,0.1376254,0.02714452,0.09719771
166,0.000278342,0.0001852313,0.0003356084,1.093928E-05,0.004634542,0.004317435,0.01008344,0.02498567,0.09241443,0.003941782,0.002202658,0.02700672,0.02578212,0.08443937,0.2706742,0.1876084,0.1384265,0.02597972,0.09669279
167,0.0002821498,0.0001855468,0.0003396587,1.096794E-05,0.004712038,0.00434528,0.01017851,0.02531137,0.09032439,0.003903696,0.002126931,0.02670149,0.0259613,0.08431607,0.2723311,0.1818507,0.1392161,0.02832912,0.09957357
168,0.0002923662,0.0001901966,0.0003517033,1.124399E-05,0.004900161,0.004463092,0.01048571,0.0261862,0.08987372,0.003920375,0.00206407,0.02671132,0.02669505,0.08568491,0.2779786,0.1724326,0.1405478,0.02690239,0.1003086
169,0.0002779908,0.0001803781,0.000336254,1.063469E-05,0.004681784,0.00426563,0.009981644,0.02492104,0.07328492,0.003844951,0.002139928,0.02631358,0.02533169,0.07225217,0.2372389,0.2149753,0.1489152,0.03489147,0.1161564
170,0.0002498074,0.0001614425,0.000303345,9.515432E-06,0.00422343,0.003866656,0.009019257,0.02249513,0.06643191,0.003630727,0.002167657,0.02505941,0.02283971,0.06676245,0.222551,0.2514804,0.1416921,0.0390032,0.118053
171,0.0002237944,0.0001437959,0.0002722703,8.503604E-06,0.003793182,0.003507232,0.008167834,0.02033473,0.0624328,0.003465029,0.002222641,0.02409199,0.02070801,0.06172874,0.2090629,0.2933971,0.1340561,0.03888459,0.1134987
172,0.0002022297,0.0001289625,0.0002459915,7.681269E-06,0.003431326,0.003218115,0.007497909,0.0186178,0.06172138,0.003351176,0.002290618,0.02340548,0.01904815,0.05749111,0.1974654,0.3310556,0.1263315,0.03771458,0.1067749
173,0.0002065339,0.0001307918,0.0002512936,7.850224E-06,0.003506947,0.003318092,0.007749727,0.01920794,0.0698264,0.003503214,0.002421031,0.02426659,0.01971708,0.05851984,0.2013689,0.3321582,0.1236448,0.03055272,0.09964209
174,0.0002182755,0.0001373171,0.0002656594,8.297426E-06,0.003708724,0.003526993,0.008262546,0.02044105,0.08090467,0.003703346,0.002549786,0.02546084,0.02093786,0.06081705,0.2087355,0.3173884,0.1226196,0.0264518,0.09386215
175,0.0002447353,0.0001532936,0.0002985665,9.284365E-06,0.004165544,0.00394564,0.009264478,0.02289581,0.09518263,0.003988037,0.0026466,0.02706909,0.02322505,0.06560159,0.2226642,0.2842415,0.1233565,0.02213137,0.08891606
176,0.0002819917,0.0001762379,0.0003454778,1.065185E-05,0.004814094,0.004505634,0.01059161,0.02617509,0.1100858,0.004287263,0.002695441,0.02873023,0.02608962,0.07185798,0.2398346,0.2420969,0.1247815,0.01861417,0.08402592
177,0.0003223339,0.0002013866,0.0003971834,1.209973E-05,0.005526509,0.005081762,0.01194235,0.0295444,0.1215,0.00449954,0.002670045,0.02988185,0.0287137,0.07796232,0.2553844,0.2008845,0.1260296,0.01746729,0.08197857
178,0.0003506249,0.0002192699,0.0004348546,1.306119E-05,0.006043698,0.005450806,0.01278378,0.03168161,0.1241462,0.004506253,0.00255847,0.02988322,0.02983571,0.08137335,0.262848,0.1710881,0.1274115,0.0207243,0.08864725
179,0.0003537891,0.0002214728,0.0004414181,1.30687E-05,0.006133455,0.005441447,0.01271588,0.03156872,0.1163569,0.004297399,0.002418097,0.02881961,0.02878974,0.0805514,0.2598565,0.1565133,0.131045,0.02839778,0.1060649
180,0.0003479184,0.0002178983,0.0004363842,1.274715E-05,0.006066585,0.005310481,0.01235718,0.03073563,0.1065995,0.004104429,0.002347704,0.02802465,0.02737356,0.07888084,0.2565094,0.1513568,0.1370262,0.03224389,0.1200481
