"<HEADER software/>"
EwEVersion,"6.7.0.17868 (compiled 5/31/2022)"
Date,"7/27/2023 3:33:22 PM"
"<HEADER ecopath/>"
ModelName,1
"<HEADER ecosim/>"
EcosimScenario,"Gulfwide_EwE_mvl_try3 DC adjustments"
TimeSeries,TS_updated_IB13
StartYear,1980
"<HEADER end/>"

Data,"Prey of Mobile epifauna"

timestep\group,"Coastal omnivores",Cephalopod,"Sessile epifauna","Mobile epifauna",Infauna,Algae,Seagrass,Phytoplankton,Detritus,
1,0.0001068027,0.002176102,0.03090687,0.012976,0.07806161,0.1499329,0.07569744,0.2227568,0.4273855
2,9.628656E-05,0.002001189,0.02857392,0.01211462,0.0727643,0.1614291,0.07492256,0.2386803,0.4094177
3,8.258005E-05,0.001778326,0.02554031,0.01113832,0.06764761,0.1784665,0.06623662,0.2674192,0.3816907
4,8.563188E-05,0.002070482,0.02736896,0.01204739,0.07101767,0.1778617,0.06065194,0.2626708,0.3862253
5,9.689594E-05,0.002740125,0.03168698,0.0137944,0.07752275,0.1684825,0.05986345,0.245653,0.4001599
6,0.0001186389,0.003883497,0.03899011,0.01628653,0.08624619,0.1529331,0.05981057,0.2158403,0.4258911
7,0.0001442962,0.005242246,0.04712841,0.01852846,0.09295968,0.1402633,0.06157428,0.1888844,0.4452749
8,0.000158083,0.005997223,0.05116123,0.01888621,0.09185592,0.13715,0.06973465,0.1791584,0.4458984
9,0.0001741312,0.006577207,0.05548242,0.01912814,0.09079713,0.1305381,0.07492506,0.1656775,0.4567004
10,0.0001863489,0.0067921,0.05838416,0.01884687,0.08864497,0.1248886,0.080524,0.1555905,0.4661424
11,0.0001749187,0.005941252,0.05411735,0.01660228,0.07998802,0.1278159,0.0914524,0.1628439,0.4610639
12,0.0002085782,0.006667681,0.06304779,0.01803201,0.08528065,0.1094514,0.0830353,0.1311885,0.5030881
13,0.0001722231,0.005457293,0.05258495,0.01395689,0.07120648,0.1214916,0.103092,0.1398205,0.4922179
14,0.0001242996,0.003464103,0.03777763,0.009971819,0.05723694,0.1395523,0.1108846,0.1753792,0.4656091
15,0.0001117155,0.002724771,0.03403957,0.009041734,0.05739644,0.13741,0.09903706,0.1783234,0.4819154
16,9.185461E-05,0.001897417,0.02862533,0.007928389,0.05679478,0.1492706,0.08908468,0.2055899,0.460717
17,7.497179E-05,0.001289919,0.02446996,0.007233001,0.05743663,0.16657,0.0696208,0.2439439,0.4293609
18,7.449107E-05,0.001119021,0.02550083,0.007938744,0.06445467,0.1663277,0.05622343,0.2512009,0.4271602
19,8.216847E-05,0.001156176,0.02918645,0.009406233,0.07396857,0.1587853,0.05221161,0.2397349,0.4354686
20,9.895041E-05,0.001398488,0.03570127,0.01156241,0.08514235,0.1453247,0.0518602,0.2133928,0.4555188
21,0.0001202561,0.001769476,0.04337289,0.01381366,0.09449237,0.1335043,0.05342246,0.1878863,0.4716184
22,0.0001193733,0.001807876,0.04298588,0.01352869,0.08851857,0.1416148,0.06680869,0.1916699,0.4529462
23,0.0001243661,0.001923262,0.04437721,0.01365786,0.08602399,0.1384014,0.07318193,0.1804834,0.4618266
24,0.0001073987,0.001645233,0.03830614,0.01179356,0.07486196,0.150446,0.08360626,0.1961465,0.443087
25,8.049587E-05,0.001461911,0.03021719,0.008631811,0.06056008,0.1678792,0.08778185,0.1761709,0.4672166
26,7.433003E-05,0.001290537,0.02776283,0.008179931,0.06069246,0.1699957,0.08067226,0.183926,0.4674059
27,7.141042E-05,0.001193442,0.02664831,0.008151996,0.06290333,0.1716376,0.07413814,0.190191,0.4650647
28,7.570849E-05,0.001247509,0.02811644,0.008831239,0.06843312,0.1644133,0.0697086,0.1833999,0.4757742
29,7.487303E-05,0.001220111,0.02775162,0.008990868,0.06991505,0.1678001,0.06919479,0.1901357,0.4649169
30,7.924808E-05,0.001298376,0.02915981,0.009609042,0.07348125,0.1626197,0.06784346,0.1842502,0.4716589
31,9.015619E-05,0.001502753,0.03272519,0.01079146,0.07989556,0.1504817,0.06682864,0.1688465,0.488838
32,0.0001002208,0.001695809,0.03576972,0.01169144,0.08379103,0.142698,0.06921182,0.1585931,0.4964489
33,0.0001135918,0.001943539,0.03967292,0.01266138,0.08751413,0.1328951,0.07098152,0.1449561,0.5092617
34,0.0001196931,0.00204348,0.04089153,0.01270689,0.08585975,0.1299795,0.0776928,0.1409447,0.5097616
35,8.861044E-05,0.001445912,0.02995925,0.009332202,0.06604332,0.1581733,0.09325963,0.1795449,0.4621529
36,7.195842E-05,0.001103439,0.02434039,0.007782472,0.0592972,0.1707413,0.08225797,0.1966496,0.4577557
37,7.139376E-05,0.0008699931,0.02366585,0.008568907,0.06533459,0.1720503,0.06524909,0.2449988,0.4191912
38,7.01118E-05,0.0008661369,0.02394128,0.009068729,0.06872939,0.1768486,0.05803373,0.2458231,0.4166189
39,6.871353E-05,0.0009159655,0.02415778,0.009606427,0.07087722,0.1850639,0.05372411,0.2524144,0.4031714
40,6.840556E-05,0.001055191,0.02465193,0.01024321,0.07222223,0.1925885,0.05033676,0.2592601,0.3895737
41,7.100232E-05,0.001350961,0.02605719,0.01118055,0.07430093,0.1948408,0.04853802,0.2612953,0.3823653
42,8.489157E-05,0.002068401,0.03114972,0.01334334,0.08211505,0.1804233,0.04962726,0.2380201,0.4031679
43,0.0001120694,0.00336773,0.04042689,0.01667911,0.09455563,0.1577224,0.04881179,0.2002278,0.4380966
44,0.0001498098,0.005240824,0.05260098,0.0203756,0.1069434,0.1372757,0.04710636,0.1632786,0.4670287
45,0.000184819,0.006992085,0.06291907,0.02261124,0.1115808,0.1278951,0.05181994,0.1422005,0.4737964
46,0.0001692472,0.006430581,0.05617775,0.01896619,0.09242408,0.1418645,0.07740376,0.162015,0.4445489
47,0.0001081586,0.00379536,0.03572458,0.01184986,0.06326178,0.1696096,0.09401283,0.2180674,0.4035704
48,9.704802E-05,0.003101481,0.0322276,0.01064141,0.06184936,0.1651058,0.08151509,0.2168896,0.4285726
49,8.527296E-05,0.002967093,0.02980684,0.009147103,0.06012012,0.1657905,0.07890296,0.1812371,0.4719431
50,7.944958E-05,0.002467898,0.0278646,0.008774364,0.06218507,0.168917,0.07359232,0.1953552,0.4607641
51,7.46421E-05,0.002072559,0.02642733,0.008569244,0.06399265,0.1734907,0.06614295,0.2091186,0.4501114
52,7.241233E-05,0.001815415,0.02600264,0.008692248,0.06686888,0.1763828,0.05875487,0.2194035,0.4420072
53,7.435604E-05,0.001724299,0.02704387,0.009254667,0.07134965,0.1742856,0.05406721,0.2204457,0.4417546
54,8.269175E-05,0.001833193,0.03020319,0.01041117,0.07824153,0.1645173,0.05278335,0.2076062,0.4543214
55,9.966525E-05,0.002173858,0.0361166,0.01226288,0.08793515,0.1484058,0.05223162,0.183038,0.4777363
56,0.0001240884,0.002702071,0.04416744,0.01448085,0.09809214,0.1322324,0.05161848,0.156529,0.5000536
57,0.0001278669,0.002741811,0.04469431,0.01417372,0.09298339,0.1363457,0.06444573,0.1586277,0.4858598
58,0.0001050354,0.002152069,0.03626365,0.01128519,0.0752373,0.1547573,0.0813814,0.1814598,0.4573583
59,9.059782E-05,0.001746076,0.03106869,0.009642812,0.0670396,0.1602582,0.08148944,0.1874426,0.4612219
60,7.978703E-05,0.001428517,0.02739453,0.008650759,0.06369862,0.1662741,0.07697043,0.1958992,0.4596041
61,7.996981E-05,0.001261372,0.02720109,0.009028415,0.06757679,0.1631188,0.0699128,0.2071506,0.4546701
62,7.192182E-05,0.001072631,0.02490836,0.008599059,0.06644037,0.1747773,0.06440412,0.222863,0.4368632
63,7.006065E-05,0.001025054,0.02464996,0.008832482,0.06849557,0.1793168,0.05852893,0.2262906,0.4327905
64,7.405863E-05,0.001111065,0.0262815,0.009687359,0.07337282,0.1757886,0.05645355,0.2184206,0.4388104
65,8.293996E-05,0.001318944,0.02939046,0.01097019,0.07960806,0.166773,0.057262,0.2031968,0.4513976
66,9.820056E-05,0.001674667,0.03436844,0.01271526,0.08730731,0.1530002,0.05838907,0.1813127,0.471134
67,0.0001174576,0.002125391,0.0402995,0.01452152,0.09416674,0.1399854,0.06017859,0.1602778,0.4883276
68,0.0001297578,0.002425661,0.04355115,0.0151802,0.0942416,0.1351043,0.0674849,0.1511928,0.4906897
69,0.0001253392,0.002340989,0.04123559,0.0139438,0.08523683,0.1391,0.08045566,0.1569547,0.4806071
70,9.888231E-05,0.001769674,0.03220644,0.01081336,0.06887004,0.1553427,0.09158403,0.1833446,0.4559702
71,7.715182E-05,0.001281051,0.02525739,0.008678178,0.06017611,0.1700392,0.08338259,0.2085972,0.4425111
72,7.997845E-05,0.001260875,0.02622383,0.009138294,0.06544505,0.1590764,0.07360937,0.1954258,0.4697404
73,7.653312E-05,0.001130508,0.02532802,0.009144088,0.06779741,0.1620367,0.07002841,0.2069436,0.4575148
74,7.46455E-05,0.001062406,0.02497608,0.009262042,0.06960725,0.1643395,0.06638487,0.21183,0.4524632
75,7.561503E-05,0.00105928,0.02552372,0.00968561,0.07252472,0.1636927,0.06393682,0.2110782,0.4524233
76,7.826796E-05,0.001102017,0.02654854,0.01025068,0.07551739,0.1617191,0.06342429,0.2072128,0.454147
77,7.700875E-05,0.0011003,0.0262478,0.01033279,0.07512733,0.1659801,0.06451517,0.2115641,0.4450554
78,8.386555E-05,0.00124398,0.02845552,0.01124426,0.0792131,0.1583582,0.06427001,0.1977562,0.4593748
79,0.0001019393,0.001590848,0.03405839,0.01321126,0.08858737,0.141209,0.06219193,0.1705837,0.4884656
80,0.0001220911,0.001995743,0.03993647,0.01501878,0.09581409,0.1289269,0.06316276,0.1500148,0.5050083
81,9.688995E-05,0.001579661,0.03134077,0.01170734,0.07570855,0.1557559,0.08516461,0.1862577,0.4523886
82,8.091526E-05,0.001288701,0.0260688,0.009823157,0.06628617,0.1653169,0.08313177,0.2001998,0.4478037
83,7.22899E-05,0.001119872,0.02338474,0.00905446,0.06423371,0.1712919,0.07593831,0.2097118,0.4451929
84,7.496429E-05,0.001161412,0.02424925,0.009588804,0.06892373,0.1646839,0.07053351,0.2003278,0.4604566
85,7.803973E-05,0.00120731,0.02511105,0.01023361,0.07314257,0.1617484,0.06916048,0.2004775,0.458841
86,7.229394E-05,0.001139795,0.02337088,0.009828981,0.07063918,0.1726952,0.06905131,0.2147873,0.438415
87,7.233305E-05,0.001190758,0.02340577,0.01009865,0.07176594,0.1740878,0.0662631,0.2149434,0.4381722
88,8.07637E-05,0.00142477,0.02593882,0.01130634,0.07774597,0.1639279,0.06494095,0.1993975,0.455237
89,9.036218E-05,0.001714412,0.028659,0.01248796,0.08271229,0.1554876,0.06661714,0.1863969,0.4658344
90,0.000101672,0.002055133,0.03165652,0.01359615,0.08652576,0.1469677,0.06929293,0.1726339,0.4771703
91,0.0001256117,0.002677855,0.03807335,0.01573882,0.09503325,0.1299659,0.06665047,0.1462226,0.5055122
92,0.0001452957,0.003200337,0.04282161,0.01694871,0.09825377,0.1217209,0.0706468,0.1325396,0.513723
93,0.0001674224,0.003736889,0.04784505,0.01791284,0.09985812,0.112983,0.07408006,0.1187233,0.5246933
94,0.0001563932,0.003439093,0.04348448,0.01552806,0.08633497,0.1198062,0.09387521,0.1293681,0.5080075
95,0.0001150945,0.002403287,0.0313937,0.01094857,0.06481594,0.1365835,0.1129731,0.1571576,0.4836092
96,7.559521E-05,0.001423587,0.02064328,0.007394332,0.05120379,0.1612055,0.1033122,0.1943797,0.4603619
97,6.492065E-05,0.0008620031,0.01773358,0.007465512,0.05661439,0.17398,0.06711388,0.2735667,0.402599
98,6.269984E-05,0.000800771,0.0181794,0.008179815,0.06323381,0.1809694,0.05228291,0.2778419,0.3984493
99,6.42921E-05,0.0008935503,0.01965589,0.009408216,0.06976611,0.1859918,0.04728295,0.2778578,0.3890794
100,8.159412E-05,0.001385719,0.02533157,0.01223827,0.08275955,0.1678674,0.04749817,0.242319,0.4205188
101,0.0001199911,0.002549488,0.03686543,0.01719718,0.1044763,0.1386958,0.04097784,0.1920665,0.4670516
102,0.0001714875,0.004273361,0.05145806,0.02266323,0.124659,0.1144855,0.03536,0.1474749,0.4994546
103,0.0002125757,0.005771154,0.06193383,0.02536504,0.1285479,0.1123822,0.0425321,0.1327831,0.490472
104,0.0002382319,0.006695352,0.06726386,0.02544899,0.1212657,0.1145017,0.0562744,0.1283074,0.4800044
105,0.0002308789,0.006471348,0.06330455,0.0222323,0.1030343,0.1196519,0.07898194,0.1336562,0.4724366
106,0.0001675516,0.004484589,0.04497284,0.01502752,0.0729732,0.1323445,0.1122566,0.1581682,0.4596049
107,9.854388E-05,0.002357307,0.02645579,0.008906526,0.05152642,0.1504026,0.1176504,0.1966943,0.4459081
108,6.292974E-05,0.001253958,0.01762184,0.006433263,0.04739888,0.176651,0.08483116,0.2461441,0.4196028
109,5.115623E-05,0.001161947,0.01552063,0.005515086,0.04824991,0.187805,0.07012367,0.1987488,0.4728237
110,5.022221E-05,0.001015397,0.0156001,0.006067143,0.05681777,0.1898232,0.05739518,0.2135506,0.4596804
111,5.242987E-05,0.001005178,0.01655907,0.006919562,0.06466595,0.1895116,0.05087762,0.2177084,0.4527002
112,5.821428E-05,0.001127878,0.01847316,0.008116016,0.07269464,0.1833031,0.04990389,0.2104816,0.4558414
113,6.235017E-05,0.00126575,0.01974184,0.009023918,0.07672745,0.1824976,0.05276432,0.2081922,0.4497246
114,6.546595E-05,0.001420219,0.02055565,0.009676038,0.07802099,0.1824612,0.05660135,0.2061261,0.445073
115,8.190854E-05,0.001940942,0.02513123,0.01174986,0.08816031,0.1613936,0.05543464,0.1769536,0.479154
116,9.289954E-05,0.002362539,0.02782663,0.01287731,0.09126346,0.1543416,0.06195657,0.1656927,0.4835862
117,9.917592E-05,0.002627754,0.02895519,0.01312676,0.08907589,0.1510363,0.07064135,0.1597685,0.4846691
118,0.0001047986,0.00282542,0.02981048,0.01316394,0.08658694,0.1453163,0.07714063,0.1520767,0.4929748
119,0.0001114881,0.00300138,0.03089649,0.01323196,0.08513649,0.1375605,0.08150982,0.1425061,0.5060457
120,9.608267E-05,0.002489186,0.02613148,0.01105431,0.07270154,0.1480272,0.09453668,0.1589246,0.486039
121,7.161126E-05,0.001843219,0.01959474,0.008180033,0.05871452,0.1656733,0.09624182,0.1725123,0.4771684
122,6.135127E-05,0.001436784,0.0167558,0.007249207,0.05667993,0.1732226,0.08360144,0.1875002,0.4734927
123,5.871769E-05,0.001258894,0.01608992,0.007262895,0.0601144,0.1735947,0.0724532,0.1936539,0.4755133
124,5.770276E-05,0.001148785,0.01591925,0.007519211,0.06422883,0.1753996,0.06474057,0.2011268,0.4698592
125,5.691608E-05,0.001075565,0.01582302,0.00781236,0.06742574,0.1797345,0.05894731,0.2095558,0.4595687
126,6.237952E-05,0.001165825,0.01731403,0.008774343,0.07395224,0.1722806,0.05637627,0.1997799,0.4702945
127,7.368397E-05,0.001404386,0.02021199,0.01029641,0.08297907,0.1581263,0.05607934,0.180268,0.4905608
128,8.615878E-05,0.001691733,0.02319449,0.01169341,0.0896848,0.1475563,0.05871762,0.1640969,0.5032785
129,9.498942E-05,0.001907969,0.0250067,0.01235192,0.09082252,0.1430446,0.06536573,0.1552446,0.506161
130,9.976292E-05,0.002023584,0.02564572,0.01234087,0.08804362,0.1404807,0.07337005,0.1496193,0.5083764
131,8.910239E-05,0.001779059,0.02246549,0.01065621,0.0763899,0.1499415,0.0860732,0.1606905,0.4919151
132,6.802015E-05,0.001290098,0.01701087,0.008197141,0.06231047,0.1703136,0.0887436,0.1862295,0.4658367
133,6.228244E-05,0.001004626,0.01531346,0.007993802,0.06274323,0.175533,0.07429755,0.2174477,0.4456044
134,5.85058E-05,0.0009114053,0.01462395,0.008006797,0.0646429,0.1809326,0.06437017,0.2245136,0.44194
135,5.783769E-05,0.000904223,0.0146882,0.008445733,0.0681606,0.1847263,0.05789511,0.2290879,0.4360342
136,5.836321E-05,0.0009570763,0.01500698,0.00903089,0.0712657,0.1886938,0.05410736,0.2331628,0.4277171
137,6.282953E-05,0.001131789,0.01620299,0.01005291,0.0758772,0.1854363,0.05344541,0.2269626,0.4308279
138,7.656948E-05,0.00155896,0.01950885,0.01211118,0.08561321,0.1684625,0.0536927,0.2017119,0.4572642
139,9.984591E-05,0.002278792,0.02485042,0.01499854,0.09843737,0.1477012,0.05212856,0.1699692,0.4895361
140,0.0001223873,0.003039411,0.02962967,0.01715138,0.1054047,0.1366143,0.05591047,0.15014,0.5019877
141,0.0001418545,0.003684172,0.03333628,0.01828759,0.1064938,0.1300835,0.06302266,0.1375213,0.5074286
142,0.0001196702,0.003092888,0.02748588,0.01451003,0.08447886,0.1469596,0.08922791,0.1620245,0.4721006
143,8.353655E-05,0.002037177,0.01901994,0.01000203,0.06294747,0.1661623,0.09746539,0.1952519,0.4470303
144,7.050374E-05,0.001593687,0.01609206,0.008624866,0.05942882,0.1692814,0.08497591,0.2038782,0.4560546
145,7.281213E-05,0.001431591,0.01645891,0.009339134,0.06623591,0.1605812,0.0747978,0.2139742,0.4571084
146,6.631393E-05,0.001230741,0.0153391,0.009061785,0.06682254,0.1693625,0.06895679,0.2297825,0.4393778
147,6.666289E-05,0.001219159,0.01569217,0.009562389,0.07044885,0.1699925,0.06408647,0.2290402,0.4398916
148,7.137493E-05,0.001339204,0.01697612,0.01056305,0.07583907,0.1654425,0.06279968,0.2201167,0.4468522
149,7.80128E-05,0.001542633,0.01859601,0.01167099,0.08062523,0.159922,0.06416155,0.2090458,0.4543579
150,8.333108E-05,0.00174789,0.01979795,0.01243036,0.08266552,0.1569461,0.06780069,0.201387,0.4571412
151,8.157401E-05,0.00179246,0.01932896,0.01217965,0.07926102,0.1614647,0.07306151,0.2057874,0.4470427
152,9.444405E-05,0.002194037,0.02205784,0.01361637,0.08497316,0.1475506,0.07163288,0.1821172,0.4757635
153,0.000105899,0.00256891,0.02434343,0.01467201,0.08866289,0.1390418,0.07420847,0.1678197,0.4885769
154,0.0001014015,0.002488231,0.02300867,0.01362892,0.08195093,0.144309,0.08416446,0.1754128,0.4749356
155,7.811233E-05,0.001851189,0.01774033,0.01062917,0.06723611,0.165296,0.08849441,0.2107795,0.4378951
156,6.626635E-05,0.001507729,0.01525231,0.009421138,0.06324185,0.1764014,0.07657165,0.2306248,0.4269128
157,5.875654E-05,0.001712812,0.01440402,0.00805541,0.05993909,0.1792124,0.07433743,0.1698407,0.4924394
158,6.086083E-05,0.001717902,0.01469867,0.008459086,0.06530339,0.1746965,0.07122011,0.1720012,0.4918422
159,6.106058E-05,0.001676184,0.0145402,0.008573991,0.06759316,0.1756222,0.06963261,0.1777041,0.4845964
160,6.118711E-05,0.001639642,0.01437717,0.008664168,0.06910366,0.1765672,0.06778175,0.1818979,0.4799073
161,6.415173E-05,0.001693814,0.01484758,0.009076333,0.07223731,0.1720566,0.06623343,0.1783463,0.4854445
162,6.728403E-05,0.001757098,0.01532429,0.009457438,0.07472471,0.168295,0.06658109,0.1751059,0.4886871
163,6.785639E-05,0.001747804,0.01521532,0.009470421,0.07453074,0.1689276,0.06836436,0.1767242,0.4849516
164,7.196085E-05,0.001837302,0.01584234,0.009857023,0.07665186,0.1625963,0.06862264,0.1691885,0.495332
165,7.341895E-05,0.001848237,0.01588009,0.009880714,0.07643247,0.1611899,0.07126876,0.1677956,0.4956308
166,7.614034E-05,0.001888843,0.01615691,0.009999226,0.07681927,0.1568586,0.07289293,0.1624282,0.5028799
167,7.213109E-05,0.001739968,0.01506767,0.009350853,0.07265004,0.1622709,0.07667711,0.16924,0.4929312
168,7.413088E-05,0.001745701,0.0152148,0.009412143,0.07331105,0.1564987,0.07559083,0.1620426,0.50611
169,7.21223E-05,0.001328884,0.01408875,0.009697132,0.07350984,0.1657297,0.07316615,0.2179107,0.4444968
170,6.426209E-05,0.001152647,0.01272908,0.009025458,0.06923279,0.1776359,0.06612512,0.2303218,0.4337129
171,6.214285E-05,0.001119095,0.01249069,0.009170122,0.07023887,0.182826,0.05958914,0.2342144,0.4302896
172,6.213337E-05,0.001168987,0.01264777,0.009617064,0.0724243,0.1866376,0.05567802,0.236719,0.4250451
173,7.324084E-05,0.001515008,0.0148449,0.01136483,0.08130942,0.172329,0.05480286,0.2130781,0.4506826
174,8.428271E-05,0.001927467,0.01690423,0.01288722,0.08754304,0.1629945,0.05821666,0.1971079,0.4623347
175,0.0001004597,0.002506554,0.01975048,0.014666,0.09414546,0.1503645,0.06078254,0.1755295,0.4821545
176,0.0001196096,0.003177851,0.02293844,0.0163557,0.09962433,0.1387086,0.06368304,0.1554813,0.4999111
177,0.0001314085,0.003602387,0.02456402,0.01673659,0.0982834,0.1341738,0.07196029,0.146652,0.503896
178,0.0001196917,0.003257805,0.0218991,0.01438656,0.08452669,0.1417514,0.08869327,0.1583565,0.4870089
179,9.327075E-05,0.002420072,0.01686618,0.01094274,0.06796024,0.1550659,0.09783123,0.1815694,0.4672509
180,8.081488E-05,0.001964464,0.01455434,0.009487806,0.06323195,0.1571477,0.0915291,0.1878886,0.4741151
181,7.398579E-05,0.001456642,0.01312641,0.009339306,0.06492465,0.1620162,0.07963754,0.2301293,0.439296
182,6.605451E-05,0.001221941,0.01210558,0.008983017,0.06519851,0.1720211,0.06858162,0.2455108,0.4263114
183,6.818399E-05,0.001258338,0.01281867,0.009821068,0.0707652,0.1702275,0.06282223,0.2395416,0.4326773
184,6.550839E-05,0.001253597,0.01269807,0.01013354,0.07196743,0.1792179,0.05948794,0.2513464,0.4138297
185,6.31694E-05,0.001325833,0.01260766,0.01044897,0.07200245,0.1890687,0.0549248,0.2634916,0.3960669
186,6.945448E-05,0.001713517,0.01407369,0.01183695,0.07706347,0.1841572,0.05386829,0.2527598,0.4044578
187,8.411458E-05,0.002490676,0.01704272,0.01414418,0.08597782,0.1693672,0.05504177,0.2272227,0.4286289
188,0.0001103609,0.003803097,0.02200427,0.0174386,0.09836026,0.1491081,0.05365542,0.190788,0.4647318
189,0.0001334009,0.005107742,0.02606427,0.01950347,0.1037694,0.1398162,0.05891559,0.1696145,0.4770755
190,0.0001317127,0.005203691,0.02529303,0.01797262,0.09355775,0.1455116,0.07547579,0.1759381,0.4609157
191,0.0001271966,0.004969008,0.02403998,0.01628239,0.08483974,0.1446797,0.08502113,0.1765645,0.4634764
192,0.0001095587,0.004058709,0.02057664,0.01356996,0.07391126,0.1500212,0.09217015,0.1910827,0.4544998
193,8.132463E-05,0.003444613,0.01608973,0.009587994,0.05980286,0.1628144,0.095341,0.1704855,0.4823526
194,7.6622E-05,0.002951859,0.01503951,0.00902805,0.06099476,0.1597439,0.08795482,0.1740046,0.4902059
195,7.205154E-05,0.002501422,0.01412962,0.008637227,0.06260151,0.1609575,0.08205974,0.1823768,0.4866641
196,6.58513E-05,0.002046531,0.01300436,0.008181593,0.06311584,0.1679726,0.07495868,0.1978533,0.4728012
197,6.203088E-05,0.001736696,0.01240338,0.008066781,0.06498558,0.1735167,0.06627449,0.2102791,0.4626753
198,6.73362E-05,0.001758807,0.0135399,0.00895841,0.07213541,0.1643915,0.06120981,0.1999343,0.4780045
199,7.495928E-05,0.001872115,0.01507728,0.01004022,0.07931741,0.1553816,0.06053904,0.1884289,0.4892685
200,8.904295E-05,0.002182354,0.01772754,0.01161873,0.08822648,0.1414933,0.05998376,0.167527,0.5111518
201,9.389621E-05,0.002254983,0.0184757,0.01190394,0.08802812,0.1411763,0.06745387,0.1648658,0.5057474
202,8.411727E-05,0.001946709,0.01640601,0.01047285,0.07771911,0.1529313,0.07845977,0.1783835,0.4835966
203,7.032519E-05,0.001539394,0.0136929,0.008828686,0.06791895,0.1665333,0.07985128,0.1943598,0.4672054
204,6.609687E-05,0.001375862,0.01287166,0.008446845,0.06695268,0.16774,0.0743046,0.1942177,0.4740245
205,6.305941E-05,0.001179041,0.0122193,0.008510456,0.06831652,0.1731748,0.06826858,0.2148705,0.4533977
206,5.824539E-05,0.001062428,0.0114633,0.008332388,0.06778987,0.1838852,0.06160918,0.2262009,0.4395985
207,5.765024E-05,0.001068976,0.0114885,0.008705039,0.07011556,0.188636,0.05623478,0.2291945,0.4344989
208,6.135209E-05,0.001210433,0.01228219,0.009600056,0.07477961,0.1858072,0.05465639,0.2228085,0.4387943
209,6.516086E-05,0.001402108,0.01303533,0.01042864,0.07797081,0.1838289,0.05600878,0.2185207,0.4387395
210,7.228275E-05,0.001717153,0.0143339,0.01154459,0.0821778,0.1761796,0.05833515,0.206658,0.4489816
211,9.010837E-05,0.002358835,0.01751552,0.01379813,0.09227917,0.1569314,0.05764487,0.1783662,0.4810158
212,0.0001118911,0.003157327,0.02121778,0.01608372,0.1012977,0.1416322,0.05850581,0.1545879,0.5034056
213,0.000129616,0.003810128,0.02393689,0.01728082,0.1036683,0.1341936,0.06474645,0.14175,0.510484
214,0.0001317766,0.003894623,0.02373774,0.0163136,0.09549881,0.1354245,0.07858045,0.1433717,0.5030467
215,0.0001171911,0.003372011,0.02068044,0.01366145,0.08091858,0.1407165,0.09355346,0.1540182,0.4929622
216,8.139636E-05,0.002167436,0.01428041,0.009413213,0.06114793,0.1622525,0.1007416,0.1896347,0.4602808
217,6.741251E-05,0.001460931,0.01175516,0.008322312,0.05920215,0.1705616,0.08071014,0.2302279,0.4376923
218,5.949354E-05,0.00116989,0.01074211,0.007983942,0.06130105,0.1795512,0.06413192,0.2466428,0.4284176
219,5.745488E-05,0.001078884,0.0107724,0.008428423,0.06621489,0.1856087,0.05317422,0.2553666,0.4192984
220,5.827209E-05,0.001126277,0.01128585,0.009240096,0.0711486,0.190432,0.04764527,0.2588016,0.4102621
221,6.504576E-05,0.001400668,0.01280062,0.01072261,0.07813336,0.1849189,0.04771242,0.2459761,0.4182703
222,6.972854E-05,0.001725548,0.01385269,0.01177248,0.08101863,0.1840432,0.05127273,0.2412274,0.4150177
223,8.299285E-05,0.002386906,0.01637948,0.0137152,0.08817671,0.1705758,0.05387411,0.2171309,0.4376779
224,0.0001096522,0.00357823,0.02121031,0.01696928,0.101255,0.1485954,0.05176609,0.1799246,0.4765914
225,0.0001173414,0.004143272,0.02229844,0.01711352,0.09781101,0.1497754,0.06489266,0.1764231,0.4674253
226,0.0001097364,0.003944567,0.02054825,0.01519267,0.0859354,0.1555029,0.07921097,0.1852111,0.4543444
227,0.0001003575,0.003549461,0.01861236,0.01340207,0.07717505,0.1568324,0.08524122,0.1907983,0.4542888
228,8.615151E-05,0.002902204,0.01599681,0.01146278,0.06944549,0.1632222,0.08567401,0.2063802,0.4448301
229,7.002644E-05,0.002117201,0.01319767,0.009850094,0.06393255,0.1780091,0.07417799,0.2450758,0.4135696
230,6.699691E-05,0.001942099,0.01298942,0.009931226,0.06649099,0.1809956,0.06307379,0.2510794,0.4134305
231,6.893618E-05,0.001997872,0.01374698,0.01072711,0.07162887,0.1792533,0.05785952,0.2500898,0.4146277
232,6.968988E-05,0.002089782,0.01429851,0.01134275,0.07432092,0.1816142,0.05524804,0.2553298,0.4056863
233,7.615743E-05,0.002447462,0.01590576,0.0125766,0.07910162,0.1759662,0.05507658,0.2454182,0.4134315
234,8.32122E-05,0.002881361,0.01759735,0.01371213,0.08267416,0.1704655,0.05733681,0.2360324,0.4192171
235,0.0001046218,0.003878043,0.0219989,0.01636121,0.09291818,0.1519017,0.05635131,0.2023211,0.454165
236,0.0001418285,0.005553569,0.02933977,0.02038377,0.1084897,0.1294292,0.05112331,0.1614042,0.4941347
237,0.0001748979,0.006961033,0.03542792,0.02280313,0.1149417,0.1208571,0.05499551,0.1412667,0.502572
238,0.0001996385,0.007827921,0.03948232,0.02342325,0.1131438,0.1175018,0.06413018,0.1308733,0.5034179
239,0.0001730342,0.006446977,0.0335542,0.01861842,0.09039128,0.131103,0.09244995,0.1498867,0.4773763
240,0.0001528047,0.005312948,0.02913476,0.01529345,0.07690587,0.1289601,0.102915,0.150112,0.491213
241,0.0001469466,0.00385014,0.02651136,0.01457645,0.074762,0.123366,0.1041764,0.1804653,0.4721453
242,8.580903E-05,0.001891582,0.01604859,0.009072595,0.05543281,0.1555395,0.09998923,0.2424391,0.4195008
243,6.556021E-05,0.001190596,0.01320047,0.007916705,0.05587115,0.1712764,0.06948307,0.2819306,0.3990655
244,6.849935E-05,0.001108208,0.0147493,0.009190933,0.06587123,0.1637262,0.0578871,0.2743529,0.4130456
245,7.164635E-05,0.001120998,0.01647622,0.01063363,0.07392049,0.1623865,0.05496369,0.2711292,0.4092977
246,7.208806E-05,0.001194651,0.01753612,0.01161121,0.07642006,0.1685362,0.05605327,0.2725167,0.3960596
247,9.304467E-05,0.001744873,0.02299319,0.01482413,0.08911289,0.1493048,0.05439132,0.2294189,0.4381168
248,0.0001264446,0.002738654,0.03125616,0.01915948,0.1052342,0.1286391,0.05062624,0.1866837,0.475536
249,0.0001485587,0.003499336,0.03647176,0.02109614,0.1082486,0.1250584,0.05917694,0.1707434,0.4755569
250,0.0001381461,0.003307886,0.03376255,0.01859643,0.09321423,0.1350129,0.08000159,0.1835921,0.4523742
251,0.000108978,0.002512652,0.02679856,0.01440397,0.07486673,0.14662,0.09351597,0.2091349,0.4320383
252,8.998861E-05,0.001948231,0.02255441,0.01210231,0.06716388,0.1519342,0.09106969,0.2253834,0.4277538
253,6.561157E-05,0.001710745,0.01793746,0.008683455,0.05688842,0.1683439,0.08981285,0.1922576,0.4642999
254,5.711437E-05,0.001354856,0.01588038,0.008068928,0.05831784,0.177223,0.0759455,0.2168952,0.4462572
255,5.720554E-05,0.001277871,0.01617675,0.008557173,0.06415072,0.1757515,0.06569467,0.2209873,0.4473469
256,6.186955E-05,0.001351765,0.01770639,0.009629156,0.07179399,0.1688043,0.06150052,0.2148197,0.4543323
257,6.258377E-05,0.001361208,0.01813286,0.01012434,0.07445285,0.1716244,0.06095056,0.2212656,0.4420256
258,7.174818E-05,0.001603712,0.02076385,0.01158751,0.08161273,0.1601781,0.0601917,0.20363,0.4603606
259,8.684171E-05,0.002013666,0.02487953,0.0136054,0.09086268,0.1452094,0.05992536,0.1803193,0.4830978
260,0.0001052685,0.002518351,0.02964728,0.01561701,0.09870532,0.1324343,0.06098242,0.1588677,0.5011224
261,0.0001092947,0.002628573,0.03027475,0.01536515,0.09416594,0.1339678,0.07248488,0.1594574,0.4915462
262,0.0001094156,0.002594759,0.02979072,0.01452879,0.08775294,0.1329309,0.08154652,0.1577806,0.4929655
263,7.645547E-05,0.00169712,0.02078538,0.01011907,0.06556218,0.1602516,0.09426989,0.2012247,0.4460136
264,6.632056E-05,0.001370506,0.0181404,0.008944571,0.0622775,0.1633343,0.08244204,0.2070519,0.4563724
265,5.966604E-05,0.001086353,0.01648721,0.008622324,0.06364535,0.1706661,0.07062621,0.233234,0.4355729
266,5.991181E-05,0.001053753,0.01688541,0.009114936,0.06834163,0.1702469,0.06329508,0.2308388,0.4401636
267,5.65566E-05,0.0009900179,0.01634706,0.009225804,0.0695695,0.1809872,0.0579128,0.2447015,0.4202096
268,5.740964E-05,0.001064148,0.0168758,0.009862797,0.07243463,0.1852113,0.05423635,0.2459613,0.4142961
269,6.024992E-05,0.001244396,0.01789076,0.01074675,0.07564043,0.1859527,0.0533112,0.243927,0.4112266
270,7.651849E-05,0.001830064,0.02246808,0.01333421,0.08731668,0.1656684,0.05235485,0.2106746,0.4462766
271,0.000100211,0.002735298,0.02880434,0.01649048,0.1001485,0.1460685,0.05142587,0.1778671,0.4763596
272,0.0001219262,0.003643476,0.03416096,0.01860768,0.1059976,0.1364567,0.05635189,0.1581808,0.486479
273,0.0001166804,0.00358642,0.03200837,0.01669683,0.09286506,0.1458586,0.07576173,0.1701532,0.4629532
274,0.000104735,0.003179281,0.02825781,0.01424147,0.08002843,0.1496665,0.08705422,0.1793096,0.4581581
275,9.148071E-05,0.002659153,0.02446762,0.01212634,0.07122324,0.1526936,0.09027517,0.1890531,0.4574103
276,7.727621E-05,0.002092697,0.02072706,0.01033744,0.06521266,0.1600392,0.08687133,0.2059051,0.4487372
277,7.799891E-05,0.001834648,0.02070427,0.01080681,0.06937957,0.1544453,0.07815891,0.220189,0.4444035
278,6.472525E-05,0.001406671,0.01781098,0.00966154,0.0656652,0.171789,0.06889438,0.253167,0.4115405
279,6.74999E-05,0.001442257,0.0190426,0.01051957,0.07095868,0.1685328,0.06215646,0.2449914,0.4222887
280,6.565413E-05,0.001416026,0.01914472,0.01088491,0.07270367,0.1746432,0.05864039,0.2561642,0.4063372
281,6.627436E-05,0.001515235,0.01986387,0.01150436,0.07444889,0.1780638,0.05603082,0.2598624,0.3986444
282,7.627282E-05,0.00193661,0.02312345,0.01330141,0.08135427,0.167827,0.05602769,0.2399687,0.4163847
283,9.030694E-05,0.002561069,0.02739662,0.0153666,0.08854062,0.1560911,0.05809079,0.2174153,0.4344477
284,0.0001045559,0.003236143,0.03148025,0.01697318,0.09272317,0.1474351,0.06236487,0.1985183,0.4471644
285,0.0001214216,0.003967155,0.03601866,0.01842371,0.0959973,0.1380294,0.06622782,0.1784806,0.462734
286,0.000122903,0.004063642,0.0359993,0.01756991,0.09001811,0.1393013,0.07704508,0.1784432,0.4574366
287,9.713569E-05,0.003068691,0.02845244,0.01360989,0.07280318,0.1563124,0.08832276,0.2112963,0.4260372
288,8.162262E-05,0.002406617,0.02421723,0.01157697,0.06611418,0.164124,0.08215652,0.2300098,0.419313
289,6.975824E-05,0.002303999,0.02192461,0.009687154,0.06199493,0.17108,0.07856601,0.1978873,0.4564864
290,6.881507E-05,0.002120609,0.02169781,0.009770324,0.06584675,0.1691973,0.07221758,0.2031376,0.4559432
291,7.178886E-05,0.002102398,0.0226633,0.01031663,0.07081541,0.1640905,0.06840726,0.2000362,0.4614965
292,7.229803E-05,0.002026064,0.02288282,0.01053292,0.07301933,0.1646903,0.06731137,0.2037932,0.4556717
293,7.05427E-05,0.001900806,0.02241836,0.01044475,0.07290769,0.168829,0.06604463,0.2114395,0.4459447
294,7.2168E-05,0.001895911,0.02297447,0.01077488,0.07481158,0.1673255,0.06431618,0.2097941,0.4480352
295,8.623808E-05,0.002264828,0.02718254,0.01252857,0.08395006,0.1502628,0.06158728,0.1839217,0.4782159
296,9.563866E-05,0.002503883,0.02980569,0.01346671,0.08770525,0.1439346,0.06527797,0.1738637,0.4833465
297,0.0001002548,0.002586854,0.03081124,0.01355637,0.08645584,0.1418956,0.07150803,0.1697098,0.483376
298,8.939303E-05,0.002213621,0.02724605,0.01182464,0.07648976,0.1523486,0.08051463,0.1853021,0.4639711
299,7.397624E-05,0.001713052,0.0225874,0.009871156,0.06712497,0.1661795,0.07934195,0.2070101,0.4460979
300,6.631627E-05,0.001430395,0.0204431,0.009118689,0.06525498,0.1728324,0.07034691,0.2184592,0.442048
301,6.638351E-05,0.001060925,0.02007581,0.01055715,0.07091285,0.1747756,0.05190633,0.2996068,0.3710381
302,6.882576E-05,0.001178721,0.02187217,0.01168249,0.07442869,0.1777984,0.04762818,0.2911427,0.3741999
303,7.22836E-05,0.001433495,0.02400042,0.01293066,0.07736668,0.1788838,0.04757337,0.2863812,0.371358
304,8.49104E-05,0.002040875,0.02879527,0.01518746,0.08408877,0.1683806,0.04985612,0.2614263,0.3901397
305,0.000100211,0.002859658,0.03427987,0.01737738,0.08969441,0.1578812,0.05400109,0.2369757,0.4068304
306,0.0001194998,0.003839242,0.04072225,0.01948163,0.0945539,0.1465995,0.05788822,0.2105129,0.426283
307,0.0001552467,0.005344964,0.05200961,0.02299681,0.1047772,0.1278538,0.05512316,0.1715245,0.4602148
308,0.0001620972,0.005654575,0.0535633,0.02207905,0.09830159,0.1302269,0.06941269,0.1713174,0.4492823
309,0.0001742311,0.005931668,0.05648003,0.02160889,0.09436747,0.1241442,0.07647241,0.1595889,0.4612322
310,0.0001791555,0.00581436,0.05705667,0.02040108,0.08938041,0.1194459,0.08425293,0.1522049,0.4712646
311,0.0001609612,0.00484991,0.05060611,0.01717481,0.07839488,0.1222639,0.09711031,0.1604933,0.4689458
312,0.0001256278,0.003402316,0.03941687,0.01303943,0.06551416,0.1314013,0.1051628,0.1841858,0.4577516
313,8.607504E-05,0.00171773,0.02726763,0.009871927,0.05732149,0.1521109,0.08746637,0.2683211,0.3958368
314,7.523577E-05,0.001281991,0.0255341,0.009559653,0.06061119,0.1577352,0.06753588,0.2864849,0.391182
315,7.451865E-05,0.001156384,0.0272327,0.01054752,0.06774907,0.1573849,0.05818824,0.2882478,0.389419
316,7.458551E-05,0.001165603,0.02924972,0.01165715,0.0723261,0.16215,0.05484812,0.2897709,0.3787579
317,9.18524E-05,0.001595126,0.03713078,0.0145684,0.0831423,0.1480706,0.05453678,0.2520691,0.4087951
318,0.0001171762,0.002317766,0.04785465,0.01802349,0.09427326,0.1326228,0.05419721,0.2146055,0.4359882
319,0.0001502933,0.003302101,0.06097223,0.02157297,0.1039748,0.1187882,0.05400782,0.1791365,0.4580951
320,0.0001675439,0.003860018,0.0672602,0.02234372,0.1021382,0.1177496,0.06475485,0.1679941,0.4537317
321,0.000128417,0.002867988,0.05164961,0.01660255,0.07782125,0.1389951,0.08997358,0.2074947,0.4144668
322,9.463739E-05,0.001956858,0.03894649,0.01253625,0.06412493,0.1531677,0.08959284,0.242613,0.3969673
323,8.517555E-05,0.001652659,0.03621595,0.01180726,0.06410077,0.1548844,0.08091225,0.2488858,0.4014558
324,6.790074E-05,0.001237945,0.0309409,0.01063118,0.06185894,0.1728858,0.06543289,0.2925313,0.3644131
325,6.299551E-05,0.001551173,0.0317921,0.009495091,0.06161879,0.182721,0.06616158,0.2083674,0.4382299
326,6.90733E-05,0.001710817,0.03483035,0.01070599,0.06991803,0.1722711,0.06354159,0.2052688,0.4416843
327,7.201095E-05,0.001804954,0.03624592,0.01135141,0.07336693,0.169751,0.06395343,0.2093103,0.434144
328,7.439094E-05,0.001886331,0.03733638,0.01181174,0.07500566,0.167816,0.06436511,0.2119096,0.4297948
329,8.469264E-05,0.002188476,0.04205582,0.01317564,0.08071157,0.1556633,0.0636737,0.195916,0.4465308
330,8.734958E-05,0.002262018,0.04303955,0.01338275,0.08039692,0.1547537,0.067788,0.1974257,0.440864
331,0.0001016623,0.002639237,0.0492199,0.01485164,0.08584243,0.1408699,0.06679394,0.1758474,0.4638339
332,0.0001122011,0.002879899,0.05337099,0.01559713,0.08781881,0.1338352,0.07028844,0.1650735,0.4710239
333,0.0001338116,0.003380868,0.06210155,0.01726316,0.09340388,0.1197609,0.0686706,0.1418519,0.4934333
334,0.0001369846,0.003339788,0.06219207,0.01654952,0.08852118,0.1204152,0.07937343,0.1422194,0.4872525
335,0.0001135693,0.002594016,0.05073917,0.01312094,0.07273443,0.1343529,0.09587439,0.1647065,0.4657642
336,9.020839E-05,0.001879781,0.04007152,0.01031455,0.06213984,0.1455464,0.09634303,0.1848298,0.4587849
337,7.367331E-05,0.001410675,0.03311477,0.008605946,0.05791947,0.1556788,0.08720104,0.1979093,0.4580864
338,6.296075E-05,0.00106731,0.02884389,0.007825581,0.05826177,0.1671158,0.07285006,0.2199866,0.443986
339,5.677426E-05,0.0008620661,0.02682058,0.007687428,0.06122155,0.1782048,0.05701968,0.2415964,0.4265307
340,5.668415E-05,0.00081174,0.02756348,0.008301643,0.06690625,0.1821709,0.04709816,0.2478845,0.4192066
341,6.053715E-05,0.000874609,0.02998932,0.009381544,0.07339995,0.181008,0.04418053,0.2423783,0.4187274
342,6.575694E-05,0.001011481,0.03281483,0.01053213,0.07839275,0.1787772,0.04549823,0.2340547,0.4188529
343,7.748468E-05,0.001312144,0.03834272,0.01232697,0.08581998,0.1665339,0.0478898,0.2117043,0.4359928
344,8.468592E-05,0.0015652,0.04137957,0.01324916,0.08720706,0.1629476,0.05476192,0.2023284,0.4364763
345,9.667672E-05,0.001918558,0.04628627,0.01450158,0.09027278,0.1524589,0.05885874,0.1838538,0.4517527
346,0.000117968,0.00246917,0.05498701,0.01655141,0.09717107,0.1360429,0.05881816,0.1572826,0.4765597
347,0.0001168078,0.002484873,0.05323703,0.01552,0.08908466,0.1403937,0.07291743,0.1625865,0.463659
348,9.373166E-05,0.001933733,0.04215252,0.01212343,0.07180087,0.1565218,0.08641506,0.1897666,0.4391923
349,8.685671E-05,0.001574155,0.03809362,0.01139045,0.06890061,0.1553564,0.0809826,0.2113029,0.4323124
350,7.728404E-05,0.001319941,0.03429387,0.01043955,0.06646116,0.160724,0.07536316,0.2234697,0.4278513
351,6.938562E-05,0.00111836,0.03147344,0.009889067,0.06586676,0.1687561,0.066779,0.2404058,0.4156421
352,6.437449E-05,0.001002026,0.03008215,0.00982624,0.06703357,0.1772289,0.05686882,0.2568865,0.4010073
353,6.482696E-05,0.001025744,0.0311257,0.01050126,0.07074689,0.17976,0.05049965,0.2608874,0.3953885
354,7.515764E-05,0.001279073,0.03645215,0.01238479,0.07923921,0.1679529,0.04954864,0.2398629,0.4132053
355,8.71947E-05,0.001622494,0.04230608,0.01425639,0.08603115,0.1577773,0.05209134,0.2211995,0.4246286
356,0.0001017254,0.002047635,0.04884012,0.01603561,0.0911472,0.1476562,0.05571769,0.2008956,0.4375582
357,9.133918E-05,0.001899525,0.04377768,0.01423944,0.07990455,0.161465,0.06755333,0.2221274,0.4089418
358,8.002539E-05,0.00167675,0.03858607,0.01257597,0.07159274,0.1714687,0.06766744,0.2407383,0.3956141
359,7.840188E-05,0.001675372,0.03809179,0.01246265,0.07142791,0.1710791,0.06382432,0.2409281,0.4004324
360,7.855429E-05,0.00173483,0.03854563,0.01269125,0.0727775,0.1705688,0.06141353,0.2414892,0.4007007
361,7.695081E-05,0.001729452,0.03803718,0.01288635,0.0727294,0.1742161,0.0580572,0.2592275,0.3830399
362,8.075013E-05,0.001963028,0.0404327,0.01365512,0.07505861,0.1716427,0.05639825,0.2532309,0.3875379
363,8.256327E-05,0.00218257,0.04193504,0.01409689,0.07569092,0.1720011,0.05634252,0.2544462,0.3832221
364,8.478959E-05,0.002436601,0.04360601,0.01449418,0.07592971,0.1716776,0.05635722,0.2545318,0.3808821
365,8.887148E-05,0.002759033,0.04616509,0.01505677,0.07689445,0.1689073,0.05675678,0.2504831,0.3828887
366,9.481111E-05,0.00313417,0.04958678,0.01574086,0.07838606,0.1641725,0.0578979,0.2428333,0.3881536
367,0.0001054172,0.003635244,0.05513551,0.01683885,0.08146141,0.1554562,0.05942024,0.2269971,0.4009501
368,0.0001250186,0.004387493,0.0647137,0.01872651,0.08724908,0.1415979,0.05970166,0.2002935,0.4232052
369,0.0001401289,0.004850961,0.07162426,0.01958525,0.08897663,0.134261,0.06384315,0.1852261,0.4314925
370,0.0001599654,0.00532005,0.08018808,0.02057116,0.0909104,0.1248446,0.066396,0.1657501,0.4458597
371,0.0001492735,0.004598528,0.07385522,0.01807275,0.08117938,0.1324532,0.07994446,0.1767959,0.4329513
372,0.0001467002,0.004137013,0.07153675,0.01674575,0.0766922,0.1303315,0.08447725,0.1710831,0.4448498
373,0.000141201,0.003529266,0.06781965,0.01552518,0.07349045,0.1295272,0.08808654,0.1735984,0.4482821
374,9.675565E-05,0.002067877,0.04722741,0.01097765,0.05897523,0.1581051,0.08863428,0.2289838,0.4049318
375,7.957994E-05,0.001433694,0.0404015,0.009701792,0.05838355,0.1682655,0.0675883,0.260633,0.3935131
376,6.980682E-05,0.001056382,0.03789771,0.009546824,0.06201186,0.1765207,0.04623075,0.2977223,0.3689436
377,6.976994E-05,0.0009493264,0.04055053,0.01056961,0.06852237,0.1775956,0.03411285,0.309933,0.3576969
378,7.822907E-05,0.001063592,0.0476637,0.01257964,0.07696635,0.1715842,0.03258684,0.2936982,0.3637793
379,9.525588E-05,0.001395237,0.05923048,0.01541239,0.08680823,0.1585848,0.03507865,0.2613928,0.3820021
380,0.0001179458,0.001901524,0.07328387,0.01841174,0.09519531,0.1453007,0.03853048,0.2274824,0.3997761
381,0.0001447482,0.002514295,0.08855394,0.02114336,0.1010268,0.1335064,0.04235182,0.1961271,0.4146315
382,0.0001503651,0.002690299,0.09048776,0.02059739,0.09417024,0.1360554,0.05609524,0.1916794,0.408074
383,0.0001078462,0.001850182,0.06497212,0.01458465,0.06981315,0.1627719,0.07478771,0.2401979,0.3709145
384,9.377709E-05,0.001526587,0.05714557,0.01282111,0.06512166,0.1650635,0.06895886,0.2479473,0.3813216
385,8.723232E-05,0.001192492,0.05328384,0.01320694,0.06654201,0.1645032,0.05723679,0.2986982,0.3452494
386,8.683627E-05,0.001223815,0.05569504,0.01391476,0.06897548,0.1651779,0.05253581,0.2953695,0.3470209
387,9.11016E-05,0.001396367,0.06098451,0.01521945,0.07245871,0.161902,0.05137762,0.2872981,0.3492721
