"<HEADER software/>"
EwEVersion,"6.7.0.17868 (compiled 5/31/2022)"
Date,"7/27/2023 3:33:22 PM"
"<HEADER ecopath/>"
ModelName,1
"<HEADER ecosim/>"
EcosimScenario,"Gulfwide_EwE_mvl_try3 DC adjustments"
TimeSeries,TS_updated_IB13
StartYear,1980
"<HEADER end/>"

Data,"Prey of Red grouper (0-3yr)"

timestep\group,"Gag grouper (0-3yr)","Red grouper (0-3yr)","Yellowedge grouper (0-3yr)","Goliath grouper","Shallow-water grouper","Vermilion snapper","Mutton snapper","Other snapper","Inshore coastal piscivores","Benthic piscivores","Reef invertebrate feeders","Demersal coastal invertebrate feeders","Benthic coastal invertebrate feeders","Coastal omnivores","Reef omnivores",Sardine-herring-scad,Anchovy-silverside-killifish,Cephalopod,"Pink shrimp","Brown shrimp","White shrimp",Crab,"Sessile epifauna","Mobile epifauna",Zooplankton,Infauna,Seagrass,Detritus,
1,0.0008855013,0.0006646661,0.000163351,0.0005807374,0.002137322,0.0007155729,0.0006294041,0.002512635,0.0009625542,0.005096813,0.08743437,0.03297858,0.07088779,0.03784904,0.02688102,0.08844827,0.01800046,0.02864871,0.002257311,0.003819861,0.03574531,0.1080048,0.02790496,0.1764804,0.0281351,0.1274785,0.02594126,0.05875574
2,0.0008632375,0.0006362737,0.0001577664,0.0005892191,0.002048596,0.0007128259,0.000619827,0.002485308,0.0009558278,0.005040993,0.08894805,0.03294183,0.06853116,0.03759684,0.02618049,0.08507906,0.01820768,0.02982346,0.002361164,0.004135071,0.03724104,0.09932522,0.02870854,0.176179,0.03336256,0.1266304,0.02906475,0.06157394
3,0.000810527,0.0005910686,0.0001466355,0.0005670047,0.001906691,0.0006840808,0.0005863535,0.00236194,0.000913115,0.004787613,0.08679209,0.03182814,0.06520403,0.03611635,0.0252549,0.08044238,0.01805895,0.03135316,0.002464897,0.004558762,0.03891548,0.08973034,0.02933926,0.1765326,0.04383774,0.1293298,0.03039851,0.06648766
4,0.0007797466,0.0005659336,0.000139813,0.0005586061,0.001825685,0.0006776518,0.000569822,0.002303972,0.0008978099,0.004669671,0.08714379,0.03169488,0.06430952,0.03565194,0.02522397,0.07880967,0.01845987,0.03615944,0.002593259,0.004912853,0.04067079,0.08408713,0.03039396,0.1776692,0.0492096,0.1270372,0.02757269,0.06541155
5,0.0007556141,0.0005492163,0.0001349399,0.0005689019,0.00178499,0.0006914388,0.0005694744,0.002308585,0.0009086966,0.004680961,0.09048781,0.03245992,0.06488674,0.03610652,0.02568038,0.07890704,0.01925823,0.04377035,0.002723416,0.005163087,0.04233465,0.08069135,0.03176603,0.1778243,0.04854901,0.1211065,0.02489175,0.06044015
6,0.0007535851,0.0005504494,0.0001341771,0.0006065879,0.001817385,0.0007331189,0.0005933392,0.002408509,0.0009587057,0.004890465,0.09740926,0.03441596,0.06745858,0.03781769,0.02670923,0.08131222,0.02036783,0.05243451,0.002825988,0.005196023,0.04337444,0.07995185,0.03327858,0.1765957,0.04136182,0.1121098,0.02102114,0.0529132
7,0.0007641189,0.0005621589,0.0001354486,0.0006576299,0.001899215,0.0007883562,0.0006301198,0.002559623,0.001030177,0.005209047,0.1054445,0.03688153,0.07104728,0.04009088,0.02793944,0.08483244,0.02137178,0.05950187,0.002873476,0.005063663,0.04365515,0.0804223,0.0345692,0.1738958,0.03149128,0.1029648,0.01819269,0.04552591
8,0.000779534,0.0005780022,0.0001370448,0.0006999154,0.001999164,0.0008369688,0.0006644002,0.00270098,0.001097755,0.005511591,0.1110235,0.03896711,0.07450194,0.04203869,0.02900605,0.08810508,0.02184748,0.06231714,0.002848622,0.004833797,0.04309672,0.0806416,0.03531542,0.1704364,0.02323168,0.09649929,0.0188621,0.04142194
9,0.0008180203,0.0006109538,0.0001424158,0.0007391493,0.002150747,0.0008889746,0.0007041598,0.002865583,0.001174396,0.005866783,0.1148497,0.0410957,0.07884298,0.04414701,0.03030076,0.09242225,0.0220598,0.06147419,0.002773243,0.004477772,0.04172219,0.08167715,0.03573776,0.1676384,0.01660759,0.09151009,0.01822899,0.03847332
10,0.0008701406,0.000653114,0.000150355,0.0007695079,0.002329759,0.0009369863,0.0007422044,0.003025343,0.001248331,0.006216976,0.1164421,0.04291997,0.0833363,0.04606063,0.031585,0.09701427,0.02199569,0.0581638,0.002662701,0.004105437,0.03998563,0.08279623,0.03586541,0.1654188,0.01138902,0.08867092,0.01794974,0.03669562
11,0.000922655,0.0006932739,0.0001584785,0.0007771197,0.0024935,0.0009639821,0.0007647052,0.003124543,0.001296083,0.006445381,0.114265,0.04374665,0.08668364,0.0470476,0.0324562,0.1004079,0.02147741,0.05254981,0.002521187,0.003777446,0.03803131,0.0827676,0.0355365,0.1636973,0.008075361,0.08961898,0.02105584,0.03864461
12,0.001027439,0.0007695737,0.0001758277,0.0008055489,0.002772745,0.001020205,0.0008105839,0.00332096,0.001384042,0.006882912,0.1142467,0.0456545,0.09280092,0.04929425,0.03423098,0.107262,0.02138426,0.0479017,0.002379737,0.003325349,0.0356415,0.08538222,0.03545386,0.1628797,0.004935917,0.08711562,0.01552827,0.03561257
13,0.001130877,0.0008390382,0.0001933939,0.0008233082,0.002914766,0.00105736,0.0008413659,0.003458549,0.001442241,0.007191365,0.1179817,0.0464241,0.09241538,0.05088105,0.0338048,0.107039,0.02111732,0.04285762,0.002260905,0.003077781,0.03432669,0.08212662,0.03548683,0.1590496,0.003472372,0.08921549,0.02107463,0.03749583
14,0.00119084,0.0008787084,0.0002030696,0.0007227703,0.00307881,0.001011756,0.0008067488,0.003327978,0.001387114,0.006935578,0.1049965,0.04372756,0.09285664,0.04870451,0.03372546,0.1079374,0.01953355,0.03536499,0.002054459,0.00279734,0.03173601,0.07996413,0.03361769,0.1591621,0.003007006,0.1022295,0.02946717,0.04957482
15,0.001265878,0.0009197455,0.0002155958,0.0006471286,0.003236363,0.0009743576,0.0007775564,0.003220257,0.001342222,0.00672722,0.09555656,0.04148704,0.09306731,0.04688698,0.03359938,0.1087057,0.01833252,0.02958672,0.001929591,0.002661854,0.03029612,0.07873112,0.03238061,0.1616451,0.002841123,0.1168801,0.02799296,0.05809293
16,0.001283726,0.0009130049,0.0002186981,0.0005698146,0.003226146,0.0009087955,0.0007256009,0.003018557,0.001258195,0.006315364,0.08628272,0.03834246,0.08920653,0.04388871,0.03217922,0.1047066,0.01700827,0.02431102,0.001872757,0.002733433,0.02998098,0.07516,0.03132205,0.1653232,0.003655543,0.1375022,0.0297117,0.06837469
17,0.001263433,0.0008755167,0.0002141693,0.0004952681,0.003090456,0.0008292705,0.0006616836,0.002766402,0.001154031,0.005791907,0.07772809,0.0348784,0.08304749,0.04030732,0.03009188,0.09789317,0.01577588,0.01998682,0.001903164,0.003018626,0.03084935,0.07091396,0.03078529,0.1709312,0.006638173,0.1609196,0.02808047,0.07910895
18,0.001263259,0.000853478,0.0002126995,0.0004487082,0.002990374,0.0007816602,0.0006214614,0.002610529,0.001091502,0.005468597,0.07345727,0.03283887,0.07864958,0.03814439,0.0286682,0.09309223,0.01524523,0.01761453,0.002018516,0.003375412,0.03245493,0.06932586,0.03118174,0.177645,0.01298554,0.1734343,0.02303744,0.08048867
19,0.001272968,0.0008404363,0.0002125113,0.0004262319,0.002928849,0.0007650903,0.0006039635,0.002547132,0.001068416,0.005336764,0.07312595,0.03211046,0.07583056,0.0373693,0.02780727,0.09013993,0.01534716,0.01693365,0.002177858,0.003702526,0.03433356,0.06948597,0.03218111,0.1835211,0.02056963,0.1742779,0.01990572,0.07517792
20,0.001317806,0.0008517192,0.0002173684,0.0004277807,0.002970833,0.0007862361,0.0006147021,0.002600211,0.001094699,0.005449399,0.07672018,0.03285019,0.07562454,0.03824783,0.02780779,0.09034078,0.01607937,0.01760002,0.002336475,0.003869617,0.03585699,0.07170306,0.03357852,0.1878656,0.0244268,0.1659993,0.01698921,0.06577286
21,0.001381981,0.0008774227,0.0002247984,0.000440714,0.003090401,0.0008283981,0.0006409935,0.002718011,0.001148179,0.005698173,0.08219907,0.03432596,0.07702357,0.04000846,0.02830035,0.09252563,0.0170945,0.01885645,0.002454,0.003874498,0.03671159,0.07475375,0.03492186,0.1902628,0.02427718,0.1543753,0.01481914,0.05616688
22,0.001413114,0.0008846058,0.0002259316,0.0004382842,0.003162847,0.0008480059,0.0006501671,0.002763708,0.001170141,0.005792584,0.08487109,0.03485203,0.07712164,0.0407518,0.02830306,0.09314852,0.01765092,0.01950239,0.002485339,0.003804671,0.03666535,0.07566675,0.03535611,0.1898122,0.02376759,0.1462803,0.01876016,0.05385071
23,0.001477154,0.0009150845,0.0002315495,0.0004340294,0.003310176,0.0008717638,0.000663301,0.002826183,0.001198413,0.005922562,0.0867344,0.03546061,0.07853016,0.04166115,0.02871664,0.09540129,0.018153,0.0197898,0.002465584,0.003616197,0.03590207,0.07732219,0.0354897,0.1893228,0.02166117,0.1397959,0.01960157,0.05252557
24,0.001486191,0.000913098,0.0002288986,0.0004097803,0.003341558,0.0008582762,0.000648942,0.002772791,0.00117624,0.005804963,0.084746,0.03465953,0.07739194,0.04098097,0.02826279,0.09451574,0.0180213,0.01919423,0.002401073,0.003507121,0.03500495,0.07608718,0.03484332,0.1876689,0.02199831,0.1399684,0.02539021,0.05771721
25,0.001592905,0.0009737241,0.0002411775,0.0004661781,0.003108401,0.0008954626,0.000673405,0.002900653,0.001223666,0.006060088,0.09913665,0.03595113,0.07048186,0.04310968,0.02592051,0.08687301,0.01895676,0.01943521,0.002474337,0.003607394,0.03644603,0.06946921,0.03625604,0.1808209,0.02367268,0.1382315,0.03037786,0.06064356
26,0.001594276,0.0009908272,0.0002380563,0.0004038529,0.003143858,0.0008352209,0.0006245087,0.002712687,0.001138177,0.005654486,0.08868898,0.0334206,0.07035663,0.04057886,0.02587052,0.08751755,0.01794311,0.01780839,0.002342437,0.003467884,0.03488376,0.07011087,0.03412776,0.1831509,0.02438179,0.1515107,0.02897762,0.06752568
27,0.001590435,0.000987704,0.0002342401,0.0003636069,0.003116627,0.0007883183,0.0005856587,0.002566015,0.001071205,0.005335909,0.08281156,0.03150748,0.06911825,0.03866867,0.02543862,0.08675162,0.01728235,0.01678935,0.002290812,0.003468551,0.03437688,0.0701886,0.03274496,0.1852973,0.02633709,0.1619626,0.02714928,0.0711764
28,0.001617899,0.0009962934,0.0002349325,0.0003443492,0.003123706,0.0007698474,0.0005677339,0.002508775,0.001042645,0.005206032,0.08134383,0.03071421,0.06867582,0.03804016,0.02528864,0.08699881,0.01719701,0.01655187,0.00230215,0.00350408,0.03448141,0.07149794,0.03220811,0.1878715,0.02694929,0.1661336,0.02407541,0.06975392
29,0.001616823,0.000984111,0.0002314055,0.0003283886,0.003074707,0.0007498116,0.0005487741,0.002446103,0.00101222,0.005064434,0.08065908,0.02991607,0.0672283,0.0373548,0.02478832,0.0859041,0.01713441,0.01644915,0.002332655,0.003592655,0.034875,0.071775,0.0317785,0.1893682,0.02849107,0.1687152,0.02428297,0.0692978
30,0.001649078,0.0009912718,0.000232191,0.0003216929,0.00308489,0.0007476503,0.0005429155,0.002440335,0.001005837,0.005042698,0.08194382,0.02978782,0.06697468,0.0374676,0.0246988,0.08633179,0.01740252,0.01672355,0.002378216,0.003636865,0.0352521,0.0733004,0.03171884,0.1910629,0.02817015,0.167432,0.02274678,0.06691267
31,0.00171202,0.001018247,0.000237592,0.0003243374,0.003166027,0.000764525,0.0005509146,0.002496127,0.001024818,0.005149929,0.08527877,0.03034286,0.06799157,0.03843334,0.02504025,0.08843608,0.01800113,0.01727637,0.002427603,0.003614506,0.03551239,0.07610521,0.03200098,0.1928119,0.02586358,0.1629545,0.01999915,0.06146516
32,0.001782101,0.001050364,0.0002438975,0.0003291437,0.003277094,0.0007863041,0.0005627031,0.002569242,0.0010503,0.005293311,0.08890503,0.03102952,0.06934016,0.03959536,0.02547509,0.09101658,0.01862586,0.01768395,0.002449036,0.003522393,0.03538127,0.07897469,0.03221472,0.1934551,0.02283357,0.1574505,0.0187874,0.05631538
33,0.001886018,0.001103227,0.000254431,0.0003362995,0.00345846,0.0008166361,0.0005809905,0.002672193,0.001087105,0.005499227,0.09267493,0.03194611,0.07164881,0.0411126,0.02622092,0.09496218,0.01930979,0.01785315,0.002431915,0.003321148,0.03462519,0.0825478,0.03236891,0.193316,0.01905299,0.1509172,0.01697271,0.05102311
34,0.001991314,0.001157395,0.0002650478,0.0003387087,0.003649163,0.0008394541,0.0005943971,0.002753619,0.001113984,0.005660373,0.09481291,0.03250758,0.07372963,0.04225387,0.02686078,0.09870511,0.0197493,0.01752443,0.002365142,0.003069453,0.03333303,0.08540761,0.03215004,0.1918533,0.015775,0.1459607,0.01734357,0.048235
35,0.001946437,0.001151976,0.0002620031,0.0003178961,0.003646864,0.0008088735,0.0005711477,0.002666115,0.001071407,0.005469071,0.09064681,0.03114935,0.07212236,0.0409362,0.0261979,0.09742268,0.01911678,0.01603265,0.002226311,0.00286188,0.03154458,0.08343457,0.03072464,0.1874358,0.01546762,0.1500819,0.0269179,0.05776817
36,0.001848115,0.001134344,0.0002564909,0.0002897694,0.003575172,0.0007605656,0.0005354704,0.00252059,0.001006347,0.00515801,0.0846063,0.02923146,0.06958357,0.03879576,0.02522206,0.09478174,0.01821579,0.01449733,0.002125474,0.002806239,0.03060921,0.08078706,0.02925174,0.1855762,0.01723346,0.1617517,0.02813209,0.06970796
37,0.001607119,0.001011685,0.0002282028,0.0002250458,0.003551528,0.0006451837,0.0004516249,0.002137545,0.0008517287,0.004359287,0.06598117,0.02490184,0.06967936,0.03308718,0.02508982,0.09523974,0.01600845,0.01245847,0.00197683,0.002861828,0.02884533,0.08192147,0.02623388,0.1892348,0.02344096,0.181649,0.02432246,0.08199849
38,0.001573467,0.0009595669,0.0002196892,0.0002275203,0.003276412,0.0006334325,0.0004391265,0.002089882,0.0008323198,0.00424702,0.06756139,0.02459393,0.06516806,0.03265338,0.02358279,0.08931287,0.01641174,0.01318016,0.002140566,0.003341614,0.03138409,0.07784922,0.02716343,0.1916443,0.03388029,0.1810917,0.02298788,0.08155414
39,0.001504609,0.0008930629,0.0002051853,0.0002273785,0.002994357,0.0006183946,0.0004227284,0.002022805,0.000806283,0.004094066,0.06908797,0.02421171,0.06121187,0.03208128,0.02231816,0.08400255,0.01690848,0.01488965,0.002322574,0.003876938,0.03411181,0.07405277,0.02807973,0.1936104,0.04593034,0.1771446,0.02273311,0.0796371
40,0.001415487,0.0008254886,0.0001888056,0.0002270763,0.002738547,0.0006067405,0.0004071599,0.001958124,0.0007823383,0.003945641,0.07116962,0.02397843,0.05825155,0.03167417,0.02143504,0.07992278,0.01761059,0.01810953,0.002511255,0.004410222,0.0368211,0.07079637,0.0290575,0.1948455,0.05704243,0.1698419,0.02248771,0.07693879
41,0.001323025,0.0007649513,0.0001730641,0.0002292996,0.002531152,0.0006042154,0.0003966257,0.00191558,0.0007683925,0.003842406,0.07447375,0.02409628,0.05654695,0.03168482,0.0209997,0.07742285,0.01859946,0.0235898,0.002698415,0.004891346,0.03941157,0.06837277,0.03019914,0.1952937,0.06428604,0.1599611,0.02206214,0.07286151
42,0.001276293,0.0007386456,0.0001644797,0.0002439277,0.002460189,0.0006322165,0.0004059853,0.001966065,0.0007929273,0.003929114,0.08151533,0.02532607,0.05747885,0.03307767,0.02139706,0.07842451,0.02019424,0.03213197,0.002877774,0.005178024,0.04160963,0.0687169,0.03174568,0.1953977,0.06072992,0.1466297,0.02006814,0.06489103
43,0.00126635,0.0007412661,0.0001618407,0.0002729287,0.002519132,0.000690016,0.0004356784,0.002112419,0.0008567753,0.004211128,0.09237107,0.02760372,0.06055471,0.03578895,0.022392,0.08222362,0.02214219,0.04195435,0.003021083,0.005206158,0.04300868,0.07124627,0.03349063,0.194314,0.05001161,0.1317095,0.01582882,0.05386505
44,0.001277573,0.0007623514,0.0001621844,0.0003101442,0.002671967,0.0007641499,0.0004772192,0.002315203,0.0009435009,0.004608976,0.1046733,0.03036061,0.06491183,0.03914151,0.02365931,0.08767742,0.02396056,0.0506731,0.003087866,0.005019519,0.04339552,0.0748821,0.03496534,0.1914058,0.03566803,0.1173715,0.01185609,0.04299737
45,0.001304854,0.0007980313,0.0001642949,0.0003451393,0.002888069,0.0008361689,0.0005200367,0.002524392,0.001031589,0.005021617,0.1145289,0.03288078,0.06966879,0.04231542,0.02493151,0.09363,0.02511832,0.05514291,0.003043199,0.004628415,0.04232887,0.07840613,0.03573054,0.1869424,0.02391865,0.1056175,0.0106381,0.0350954
46,0.001318773,0.0008270261,0.0001645718,0.0003620206,0.003073673,0.0008754262,0.0005449733,0.002648667,0.001082796,0.005264428,0.1173575,0.03408338,0.07294475,0.04398349,0.02565631,0.09760144,0.02511147,0.05397706,0.002886016,0.004183651,0.04009056,0.07963528,0.0354295,0.1813413,0.01720331,0.1000596,0.0169124,0.03538055
47,0.001276741,0.0008175309,0.0001580781,0.0003463038,0.003091763,0.0008482404,0.0005304741,0.002584575,0.001055037,0.005129369,0.1100696,0.03290572,0.07236123,0.04270523,0.0251639,0.09637831,0.02361607,0.04751363,0.00266859,0.003906459,0.03766878,0.07638707,0.03402248,0.1762833,0.01558378,0.1070065,0.03063631,0.0492849
48,0.001272314,0.0008271909,0.0001569962,0.0003313711,0.003148915,0.0008267886,0.0005187732,0.002538471,0.001036297,0.005039169,0.1035418,0.03197856,0.07283401,0.0416721,0.02505449,0.09661807,0.02247657,0.04208601,0.002556524,0.003857092,0.03681159,0.07528479,0.03334231,0.1767206,0.01397917,0.1179047,0.02879326,0.05879226
49,0.001334036,0.0008816402,0.0001671839,0.0003753592,0.003030009,0.0008574714,0.0005389584,0.002660694,0.001083484,0.005279573,0.1181273,0.03303511,0.06845891,0.04355639,0.02350302,0.09089953,0.0229206,0.03980977,0.002620937,0.003913716,0.03847067,0.06958893,0.03465806,0.1727892,0.01347176,0.1225767,0.02755725,0.05783373
50,0.001317977,0.0008947552,0.0001675298,0.0003354605,0.003104535,0.0008115754,0.0005108562,0.002545738,0.001034554,0.005050546,0.1067361,0.03123877,0.06895524,0.04157423,0.02353453,0.09167929,0.02153828,0.03456362,0.002527792,0.00379618,0.0376866,0.06975453,0.0333727,0.1767427,0.01337821,0.1378155,0.02682926,0.06250301
51,0.001300998,0.0008920167,0.0001662306,0.0003079069,0.003124137,0.0007714676,0.0004860244,0.002445823,0.0009927435,0.00485332,0.09934442,0.02973114,0.06839533,0.03984819,0.02324952,0.09108479,0.02047856,0.0303932,0.002495731,0.003778638,0.03750528,0.06955303,0.03253905,0.1801227,0.01437248,0.1501976,0.02524859,0.06632106
52,0.001281494,0.0008808733,0.0001639442,0.0002885433,0.003109458,0.0007384553,0.0004651636,0.0023643,0.0009592338,0.004693217,0.09471957,0.02854764,0.06732314,0.03844992,0.02283373,0.08981963,0.01974685,0.02731181,0.002518112,0.003846155,0.03788193,0.06940194,0.03214134,0.1834347,0.01660698,0.1593244,0.02300925,0.06813811
53,0.001269898,0.0008725791,0.0001622652,0.0002775894,0.003102158,0.0007188307,0.0004521493,0.002320335,0.0009414305,0.00460704,0.09286154,0.02788181,0.06654964,0.03767617,0.02254033,0.08898162,0.01942461,0.02539245,0.002578204,0.003931797,0.03854122,0.06991409,0.03214891,0.1864787,0.01920401,0.1633621,0.02072574,0.06708288
54,0.001280104,0.0008789898,0.0001631493,0.0002766016,0.003151742,0.0007197576,0.0004515312,0.002337248,0.0009482625,0.00463995,0.09412155,0.02794739,0.06688914,0.03786429,0.0226117,0.08970261,0.0195932,0.0245717,0.002653091,0.003952829,0.03914436,0.07167833,0.03251868,0.1889651,0.02047656,0.1614362,0.01841655,0.06260939
55,0.00132109,0.0009078241,0.0001679248,0.0002859294,0.003295787,0.0007443722,0.0004654476,0.002427334,0.0009841832,0.004816224,0.09840424,0.02880489,0.06880355,0.03915431,0.02317244,0.09265704,0.02023846,0.02450994,0.002715879,0.003843515,0.03933736,0.07491103,0.03315954,0.1906117,0.01941663,0.1545155,0.01532953,0.05499825
56,0.00138859,0.0009563585,0.0001759566,0.0003014353,0.003531429,0.0007852401,0.0004894352,0.002569427,0.001040066,0.005093892,0.1041686,0.03013501,0.07197442,0.04117836,0.0241064,0.09746594,0.02112623,0.02461159,0.002734275,0.003594543,0.03881584,0.07900938,0.03379606,0.1909131,0.01655608,0.1449067,0.01223862,0.04633696
57,0.001441508,0.0009953093,0.0001816788,0.0003087507,0.003745413,0.0008101789,0.0005038781,0.002662418,0.001074447,0.005270612,0.1067583,0.03079517,0.07424449,0.04240695,0.02472767,0.1011659,0.02154337,0.02385146,0.002669131,0.003294158,0.03745133,0.08141387,0.03372879,0.1889256,0.01400581,0.1381219,0.01459338,0.04330845
58,0.001466804,0.001014634,0.0001833321,0.000300757,0.003874425,0.0008028217,0.0004989817,0.00265402,0.001066554,0.005242594,0.1040048,0.03027405,0.07465873,0.04209645,0.02475395,0.102378,0.02120159,0.02193737,0.002529703,0.002997155,0.03539957,0.08115957,0.03278289,0.1853909,0.01295767,0.1379518,0.02159423,0.04882663
59,0.001487506,0.001030045,0.0001843859,0.0002863619,0.003964956,0.0007814575,0.0004854922,0.002600733,0.001040534,0.005125299,0.09922734,0.02928476,0.07439456,0.04112262,0.02456949,0.1026843,0.02060395,0.01986616,0.002400765,0.002803035,0.03381525,0.08029813,0.03167972,0.1834951,0.01272226,0.1433178,0.02413438,0.05659356
60,0.001481513,0.001027469,0.0001827119,0.0002690757,0.003971704,0.0007484927,0.0004647808,0.002508833,0.0009993972,0.004930924,0.09385905,0.02796995,0.0728867,0.03962187,0.02401586,0.1012389,0.0198758,0.01791706,0.002312029,0.002740774,0.0329824,0.07854066,0.03062527,0.1830668,0.0141257,0.1527713,0.02512983,0.06373527
61,0.001438915,0.0009997133,0.0001762397,0.0002303322,0.004019959,0.0007006735,0.0004390755,0.002361307,0.0009406676,0.004624021,0.08453678,0.02619391,0.0728095,0.0372603,0.02388605,0.1016702,0.01887762,0.01612997,0.002229234,0.0028352,0.03200801,0.07987839,0.02922282,0.1853828,0.01649103,0.1627326,0.02327186,0.0686527
62,0.001389353,0.0009605603,0.0001691577,0.000211717,0.003839023,0.0006701318,0.0004233026,0.002269229,0.0009043154,0.004424925,0.08232443,0.02517451,0.06908885,0.03590644,0.02270067,0.09689011,0.01853458,0.01528732,0.002269093,0.003145361,0.03288431,0.07736143,0.02901469,0.1862403,0.02241878,0.1691378,0.02389344,0.07246615
63,0.00134742,0.000930037,0.0001629984,0.0001960045,0.003687086,0.0006469578,0.0004109251,0.002196252,0.0008763435,0.004264284,0.08109096,0.024446,0.06632756,0.03491879,0.0218493,0.0933899,0.01845486,0.01516357,0.002341342,0.003483605,0.03402176,0.07599933,0.0290127,0.1879054,0.02922933,0.1716881,0.0225377,0.07342168
64,0.001317313,0.0009112834,0.0001585668,0.0001857715,0.003590323,0.0006384744,0.0004067779,0.002167373,0.0008665876,0.004190275,0.08195078,0.02425155,0.06482308,0.03466369,0.02140714,0.09161955,0.01879028,0.01589905,0.002440795,0.003804592,0.03533386,0.07599174,0.029323,0.1899764,0.03426111,0.1694169,0.02102846,0.07058515
65,0.001306218,0.0009084159,0.0001566206,0.0001814408,0.0035746,0.0006474564,0.0004131943,0.002194096,0.0008793763,0.004224483,0.08516332,0.02466071,0.06474571,0.03526428,0.02140105,0.09185731,0.01954351,0.01734553,0.002545821,0.004042532,0.03653049,0.07738787,0.02989926,0.1918655,0.03538917,0.1631031,0.01960252,0.06516641
66,0.001324515,0.0009286536,0.0001582865,0.0001825611,0.003671959,0.0006751757,0.0004317199,0.002283763,0.0009173954,0.004380449,0.09053579,0.02568032,0.06631669,0.03676011,0.0218756,0.09447117,0.02065478,0.01912766,0.002631254,0.004131341,0.03725866,0.08038622,0.0306483,0.1933032,0.0320348,0.1540599,0.01735998,0.05780971
67,0.001365528,0.0009672479,0.0001625431,0.0001858292,0.00386411,0.0007133116,0.0004576715,0.00241133,0.0009701806,0.004608894,0.0965326,0.02698298,0.06899956,0.03872013,0.02265009,0.09873942,0.02184581,0.02063828,0.002668223,0.0040608,0.03725484,0.08428095,0.03129781,0.1937199,0.02614377,0.1442739,0.01521111,0.05027329
68,0.001414572,0.001012711,0.0001672835,0.0001861798,0.004095556,0.0007462237,0.0004814521,0.002526628,0.001017035,0.00481265,0.1005873,0.02800743,0.07177757,0.04037035,0.02340773,0.1032235,0.02269968,0.02124351,0.002632012,0.003865493,0.03638306,0.08776379,0.03148017,0.1925889,0.02028471,0.1362383,0.01538463,0.04560164
69,0.001461989,0.001056397,0.0001712779,0.000180577,0.004314712,0.0007619229,0.0004953635,0.002590074,0.001041771,0.004915934,0.1010126,0.02835949,0.07386167,0.04114511,0.02391772,0.1067828,0.02296301,0.02069108,0.002524371,0.003597509,0.03474699,0.08988417,0.0310361,0.1901071,0.01594345,0.132084,0.01851078,0.0458419
70,0.00147129,0.001069777,0.000170507,0.0001659993,0.004392573,0.0007421736,0.0004871207,0.002539192,0.001019474,0.004800197,0.09626774,0.02749175,0.07355032,0.04018112,0.02367983,0.1068503,0.02231629,0.01897558,0.002370379,0.003381768,0.03290285,0.08879465,0.02983078,0.1867248,0.01404154,0.1359141,0.02556265,0.05430536
71,0.001446371,0.001054682,0.0001658014,0.0001465594,0.004322407,0.0006961665,0.0004615074,0.002400781,0.0009621671,0.004519985,0.08861992,0.02580474,0.07123505,0.03793933,0.02284911,0.1038905,0.02113688,0.01687117,0.002247609,0.003343396,0.0318557,0.08565987,0.02843271,0.185172,0.01461681,0.1486418,0.028585,0.06692199
72,0.001474477,0.001077257,0.0001678534,0.000135249,0.004377818,0.0006784495,0.0004535952,0.002355737,0.0009434086,0.004421094,0.08528429,0.02513501,0.07101374,0.03710462,0.02267984,0.1040561,0.02076854,0.01574333,0.002211086,0.003367496,0.03165029,0.08603615,0.0278908,0.1869763,0.01465606,0.1563725,0.02392443,0.06904451
73,0.001446847,0.001056668,0.0001637886,0.0001252586,0.004169301,0.0006479709,0.0004351005,0.0022664,0.0009060713,0.004231203,0.0813338,0.02402413,0.06912564,0.03566454,0.0220261,0.1016496,0.02022691,0.01470941,0.002210222,0.003475554,0.03189419,0.0849452,0.02735475,0.1888136,0.01696041,0.165296,0.02371811,0.0711232
74,0.00143523,0.001043297,0.0001606124,0.0001190738,0.003961325,0.0006291134,0.0004238377,0.002214123,0.0008839556,0.004112329,0.0797767,0.02335964,0.06734198,0.03483156,0.02143247,0.09936987,0.02006933,0.01417797,0.002248307,0.003609791,0.03246479,0.08421227,0.02720785,0.1905027,0.01975218,0.1696288,0.02306092,0.07196996
75,0.001426474,0.001032686,0.0001575377,0.0001146204,0.003774912,0.0006171982,0.0004166866,0.002182754,0.0008704734,0.004033118,0.07938569,0.02296109,0.06603716,0.03435722,0.02100157,0.09776633,0.02015457,0.01405678,0.002306883,0.003751528,0.03318978,0.08415399,0.02724946,0.1923641,0.02264009,0.1708903,0.02208565,0.07102139
76,0.001420032,0.001025004,0.0001546283,0.0001117651,0.003614375,0.0006121534,0.0004137157,0.002172575,0.0008655611,0.003993175,0.08007544,0.02280944,0.06522913,0.03423624,0.02072926,0.09687821,0.02045802,0.01429296,0.002373408,0.003875493,0.03392566,0.08461988,0.02741527,0.1939786,0.02505536,0.1693808,0.0214128,0.06887104
77,0.00139461,0.001004972,0.0001495573,0.0001083491,0.003427549,0.0006034424,0.0004080073,0.002147614,0.0008547239,0.003925197,0.08044368,0.02254618,0.06406928,0.0339395,0.02035862,0.0953993,0.02069129,0.01464365,0.002430522,0.003998816,0.03458366,0.08429841,0.02746696,0.194679,0.02807294,0.167647,0.02235035,0.06835698
78,0.001402753,0.001010897,0.0001480409,0.0001078546,0.003336293,0.0006107228,0.0004127945,0.002176964,0.0008656934,0.003957463,0.08271053,0.02280987,0.0644961,0.0344478,0.02045613,0.09632184,0.02134004,0.01542716,0.002489818,0.004044401,0.03507673,0.08588641,0.02775057,0.1958321,0.02839647,0.1627745,0.02074747,0.06496256
79,0.001449193,0.001047307,0.0001509102,0.0001114367,0.003358618,0.0006395464,0.000432138,0.002282266,0.0009066978,0.004128136,0.08766678,0.02375597,0.06675494,0.03603646,0.02107804,0.1000882,0.02251067,0.01653267,0.002543736,0.003971176,0.03525597,0.08968943,0.02834741,0.1971299,0.02559278,0.1545659,0.01682413,0.05714964
80,0.001508265,0.001093928,0.0001549952,0.0001160193,0.0034258,0.0006749775,0.0004562672,0.00241294,0.0009570359,0.00434359,0.09305738,0.02483729,0.06962393,0.03791788,0.02184165,0.1048867,0.02371913,0.01745561,0.002554444,0.003799831,0.03489965,0.09390177,0.02882037,0.1970697,0.02125899,0.1455104,0.01438056,0.04932093
81,0.001490248,0.001083323,0.0001505857,0.0001121313,0.003313211,0.0006662954,0.0004517943,0.002393253,0.0009462929,0.004284092,0.09180269,0.02439543,0.06904725,0.03753457,0.02155482,0.1044007,0.0235384,0.01693552,0.002456414,0.003610788,0.03360037,0.09263042,0.02806423,0.1928297,0.02036664,0.144127,0.0237672,0.0544466
82,0.001473334,0.001070909,0.0001458369,0.0001047364,0.003166773,0.0006417053,0.0004367221,0.002318386,0.0009136882,0.004126834,0.08770846,0.02343858,0.06793159,0.03633258,0.02110629,0.103039,0.02289665,0.01600542,0.002354924,0.00349789,0.03252491,0.09063701,0.02705253,0.1901433,0.02114788,0.1492152,0.02687607,0.06369273
83,0.001436227,0.001044306,0.0001401191,9.67752E-05,0.00296839,0.0006105595,0.0004168162,0.00221858,0.0008717825,0.003926822,0.0833772,0.02234222,0.0660641,0.03483569,0.02046176,0.1004342,0.02220233,0.01524902,0.002303995,0.003539428,0.03228743,0.08800152,0.02621138,0.1895021,0.02432949,0.1576992,0.0269165,0.07051213
84,0.001426531,0.001037001,0.0001375389,9.267372E-05,0.002822111,0.000598163,0.0004089448,0.002182496,0.0008557442,0.003842835,0.08226866,0.0219157,0.06538842,0.03432757,0.02018395,0.09965658,0.02215885,0.01525188,0.002316247,0.003629542,0.03266039,0.08751087,0.02594495,0.1907131,0.0265843,0.1614013,0.02411109,0.07057254
85,0.001397971,0.001016646,0.0001333626,8.535277E-05,0.002752421,0.0005873432,0.0003999365,0.00215302,0.0008422875,0.003780887,0.08138651,0.02162393,0.06512118,0.03392399,0.02002758,0.09941468,0.0222367,0.01560005,0.002348939,0.003586568,0.03321026,0.08446383,0.02578966,0.1927999,0.02893167,0.1635751,0.02326211,0.06954811
86,0.001345673,0.0009766576,0.0001269814,7.906825E-05,0.002601583,0.0005724009,0.0003880052,0.002107102,0.0008225528,0.00368924,0.08126486,0.02124159,0.06318762,0.03335558,0.0194101,0.0965203,0.02228535,0.01611034,0.002401835,0.003648662,0.03412906,0.07956859,0.02572066,0.193217,0.03357174,0.1648422,0.02540587,0.07140923
87,0.001310671,0.0009519385,0.0001223872,7.388672E-05,0.00249,0.0005642578,0.0003802296,0.002082539,0.0008117445,0.003636014,0.08188894,0.02109521,0.06225741,0.03314045,0.01909336,0.09512913,0.02257371,0.01713091,0.002468226,0.003716687,0.03508509,0.07637843,0.02578388,0.1943688,0.03704003,0.1640132,0.02481492,0.07159798
88,0.001302458,0.0009506459,0.0001208702,7.133251E-05,0.002446506,0.000573158,0.0003835713,0.002117847,0.0008246844,0.00368863,0.08498864,0.02152348,0.062895,0.03382315,0.01922013,0.09615291,0.02339939,0.01887855,0.002553139,0.00374461,0.03607277,0.07541473,0.02618339,0.1962979,0.03698153,0.1596549,0.0223989,0.06733716
89,0.001298975,0.0009553611,0.0001201337,6.998415E-05,0.002432294,0.0005897339,0.0003920633,0.002181459,0.0008485073,0.00379088,0.08925104,0.02219125,0.06411285,0.03489459,0.01948827,0.09806634,0.02439497,0.02085043,0.002625119,0.003721643,0.03682807,0.07513893,0.02663529,0.197488,0.03479543,0.1536806,0.02108969,0.06206808
90,0.001315093,0.0009758203,0.0001211578,6.93957E-05,0.002464745,0.0006135493,0.0004057732,0.002274237,0.0008831029,0.003944074,0.09405398,0.02305313,0.06619169,0.03631416,0.01996436,0.1013435,0.02545249,0.0226203,0.002661241,0.003592912,0.03698529,0.07569581,0.02702115,0.1978632,0.03069489,0.1467499,0.01985325,0.05682183
91,0.001377591,0.001032324,0.0001264704,7.036158E-05,0.002589562,0.0006538105,0.0004308587,0.002431468,0.0009418165,0.004209666,0.1003255,0.02438264,0.07011744,0.03856614,0.02091621,0.107606,0.02680955,0.0241031,0.002661241,0.003311023,0.03637935,0.07804868,0.02749867,0.1980565,0.0247305,0.1379351,0.01561612,0.04907213
92,0.001447125,0.001094394,0.0001323772,7.039154E-05,0.002730654,0.0006904853,0.000454079,0.002580537,0.0009960099,0.004460775,0.1049825,0.02548019,0.0740813,0.04056761,0.02181899,0.1140805,0.02779916,0.0247054,0.002599414,0.002989096,0.0351805,0.07999618,0.02762851,0.1967503,0.01888748,0.1304999,0.01419623,0.04309993
93,0.00155297,0.001182855,0.0001412905,6.974213E-05,0.00292506,0.0007275776,0.0004782398,0.002736946,0.001051518,0.004723848,0.1080672,0.02646547,0.07890458,0.04255965,0.02291466,0.1221285,0.02855965,0.02438802,0.002477456,0.002580267,0.03310287,0.08225304,0.0275064,0.1945152,0.01382636,0.1234621,0.01258496,0.03811356
94,0.001648665,0.001260514,0.0001491969,6.658485E-05,0.003079068,0.0007432769,0.000489009,0.002819078,0.001077017,0.004856945,0.1070066,0.02664531,0.08239281,0.04339579,0.02359619,0.12831,0.02848039,0.02289128,0.002293499,0.002196613,0.03052347,0.08256246,0.02678129,0.1904678,0.01023218,0.120721,0.01626527,0.03904875
95,0.001703935,0.001302488,0.0001532778,6.030025E-05,0.003123698,0.000723841,0.0004773519,0.002772948,0.001052692,0.004766832,0.1007103,0.02565283,0.08307653,0.04235977,0.02348477,0.1302045,0.02727268,0.02029656,0.002070076,0.001885175,0.02779936,0.07991201,0.02534529,0.1850621,0.008353683,0.126047,0.02483568,0.0494942
96,0.001667676,0.001270084,0.0001492822,5.107615E-05,0.002967781,0.0006597522,0.000436632,0.002557653,0.0009647293,0.004384574,0.08943804,0.02332335,0.07919034,0.03894364,0.02215212,0.124738,0.02487064,0.01701989,0.001872894,0.001756767,0.02599896,0.07366873,0.02339719,0.1806823,0.008931039,0.1466171,0.03215204,0.07013775
97,0.001407987,0.001067888,0.0001240416,3.360409E-05,0.002820584,0.0005112345,0.0003411212,0.002000306,0.0007555863,0.003419191,0.06267168,0.01829337,0.07705489,0.03047682,0.02121866,0.1211844,0.01998583,0.01272952,0.001671448,0.001869648,0.02419829,0.07000113,0.02002816,0.1836087,0.01543774,0.186423,0.02579881,0.09486632
98,0.001343594,0.000993959,0.0001174593,3.07589E-05,0.002479348,0.0004868097,0.000325335,0.001910145,0.0007249435,0.003258673,0.06177586,0.01769223,0.0700123,0.0292576,0.01933157,0.1097624,0.01999328,0.01283746,0.001866961,0.002420798,0.027464,0.0635346,0.02102157,0.1891214,0.03034126,0.1945104,0.021818,0.09556731
99,0.001254425,0.0009146736,0.0001092365,2.863383E-05,0.00217729,0.0004725206,0.0003137201,0.001842877,0.00070454,0.003137748,0.0626639,0.01748816,0.06483992,0.02860492,0.01804283,0.1011663,0.02067182,0.01491059,0.002118886,0.003056812,0.0312285,0.05917399,0.02235832,0.1944926,0.04684366,0.1905944,0.02053831,0.0902504
100,0.0012465,0.0009036892,0.0001085116,2.937391E-05,0.002076263,0.0005023071,0.000329891,0.001935395,0.0007466615,0.00329114,0.06946914,0.01875125,0.06502776,0.03031184,0.01810772,0.1010592,0.02287078,0.01983347,0.002388454,0.003442477,0.03454045,0.05944356,0.02429891,0.1996506,0.0497382,0.1747883,0.01769638,0.07741178
101,0.001278453,0.0009328813,0.0001122981,3.235514E-05,0.002115211,0.0005682778,0.0003690463,0.002160348,0.0008413639,0.003671866,0.08156113,0.02116929,0.06885394,0.03385319,0.01899508,0.1066898,0.02611334,0.02705517,0.002647102,0.003593754,0.0374392,0.06255145,0.02661905,0.2036526,0.04138447,0.1552891,0.01131959,0.05913067
102,0.001311103,0.000973687,0.00011652,3.562107E-05,0.002214771,0.0006419928,0.0004147358,0.002421765,0.0009503334,0.004113497,0.09425376,0.02372739,0.0736925,0.03769577,0.02003069,0.1138901,0.02904477,0.03344779,0.002791884,0.003459808,0.03861171,0.06549254,0.02838324,0.2039409,0.03025597,0.1366533,0.007204342,0.04422958
103,0.001356317,0.001033487,0.0001216588,3.785931E-05,0.002361925,0.0007084137,0.0004582195,0.002669964,0.001053114,0.004530906,0.1037537,0.02585188,0.07900625,0.04103173,0.02106603,0.1219143,0.03093779,0.03669898,0.002780692,0.003077627,0.03766446,0.06776046,0.02920367,0.2008871,0.0210896,0.1212458,0.007040318,0.03465778
104,0.001426004,0.001118251,0.0001289605,3.857542E-05,0.002550682,0.0007625571,0.0004957249,0.002884426,0.001141059,0.00488886,0.1086727,0.02737327,0.084853,0.04365119,0.02213803,0.13099,0.0318209,0.03691646,0.002647714,0.0025928,0.03527854,0.06951948,0.02923131,0.1964796,0.01438817,0.1100525,0.008076845,0.02988248
105,0.001509544,0.001215201,0.0001378516,3.76328E-05,0.002744996,0.0007968695,0.0005216352,0.003033385,0.001201325,0.005132999,0.1087334,0.02809063,0.09037021,0.0452277,0.02306516,0.1398547,0.03174242,0.03485587,0.002436731,0.002126891,0.03216664,0.07022194,0.02860919,0.191442,0.009732273,0.1039729,0.01107371,0.02994619
106,0.001565478,0.001284456,0.0001444395,3.461253E-05,0.002852456,0.0007914643,0.0005224674,0.003038763,0.001203021,0.005131173,0.1028406,0.02745792,0.09303805,0.04477119,0.02326984,0.1445218,0.03033606,0.03078051,0.002175389,0.001761306,0.02886784,0.06837668,0.02718161,0.1853441,0.006994097,0.1063105,0.02005622,0.03934809
107,0.001530316,0.001267885,0.0001424436,2.922755E-05,0.002745025,0.0007241234,0.0004827862,0.002810655,0.001111237,0.004732914,0.09016548,0.0249406,0.08957515,0.04114605,0.02204466,0.1395621,0.02725964,0.02508385,0.001916728,0.001585936,0.02627977,0.06268628,0.02493029,0.1794664,0.006711681,0.1252721,0.03258784,0.06320875
108,0.00139584,0.001158041,0.0001308983,2.289585E-05,0.00241659,0.0006132521,0.0004129633,0.002409777,0.0009523177,0.004046825,0.07463416,0.02128817,0.0804548,0.03529581,0.01963654,0.1253168,0.0234465,0.01945393,0.001782172,0.001734033,0.02589327,0.05510483,0.02284242,0.1786552,0.01049337,0.164297,0.03425816,0.09185347
109,0.001500728,0.001240542,0.0001442172,2.4241E-05,0.002052993,0.0006329393,0.000427256,0.002519926,0.0009926932,0.004225505,0.08683182,0.0221957,0.06962199,0.03695478,0.01710205,0.108873,0.02446565,0.01897932,0.001972472,0.001886746,0.02969918,0.05012791,0.02450069,0.1789902,0.01608476,0.1777665,0.02981556,0.09037089
110,0.001396371,0.001178744,0.0001371474,1.892018E-05,0.001873104,0.000555078,0.0003748836,0.002234824,0.0008784824,0.003741607,0.07526767,0.01981034,0.06590322,0.03294901,0.01616372,0.1033592,0.0220575,0.01642392,0.001968269,0.001931747,0.0302491,0.05131244,0.02288652,0.1844393,0.02362229,0.2025742,0.02416576,0.09252667
111,0.001333996,0.001124551,0.0001313348,1.613654E-05,0.001711365,0.0005158136,0.000347395,0.002092015,0.0008214858,0.003497227,0.07153554,0.0187344,0.0628146,0.03107843,0.01542923,0.09882298,0.02115326,0.01576336,0.002071919,0.002048822,0.03170955,0.05342914,0.02239032,0.1891723,0.0323358,0.2101605,0.02076905,0.08898939
112,0.001303934,0.001090583,0.0001277873,1.471796E-05,0.001592009,0.0005042011,0.0003376165,0.002052085,0.0008055198,0.003424902,0.0726575,0.01858656,0.06114465,0.03075859,0.01505624,0.09651196,0.02131011,0.01654443,0.002232531,0.002165219,0.03355093,0.05648585,0.02258284,0.19344,0.03866038,0.2060738,0.01905496,0.08193015
113,0.001269531,0.001052989,0.0001235164,1.376907E-05,0.001484362,0.0005011783,0.0003331024,0.00204206,0.0008013899,0.003401238,0.07555683,0.01873003,0.05983906,0.03093566,0.01477634,0.09468481,0.02181786,0.01810825,0.002398332,0.002271971,0.03533572,0.0590854,0.02292442,0.196098,0.04329436,0.1973591,0.01964957,0.07611106
114,0.001238117,0.00102039,0.0001193174,1.302725E-05,0.001395776,0.0005025236,0.0003313637,0.002047491,0.000803231,0.003402574,0.07910524,0.01900783,0.05911243,0.03135052,0.01462584,0.09367862,0.02245084,0.02014681,0.002541539,0.002339727,0.03675643,0.06131907,0.02323175,0.1974465,0.04558534,0.1873356,0.02090075,0.07219139
115,0.001271561,0.001045785,0.0001214943,1.304199E-05,0.001391658,0.0005313632,0.0003478001,0.002163923,0.0008484433,0.003589745,0.08646546,0.02016874,0.06137959,0.03326701,0.01515043,0.09750018,0.02392223,0.02302293,0.0026791,0.002251018,0.0377305,0.06603068,0.0239829,0.1997602,0.04080589,0.1743155,0.01711644,0.06312629
116,0.001286129,0.001059176,0.0001220617,1.294538E-05,0.001382586,0.0005564237,0.0003621133,0.002268264,0.000888026,0.003756515,0.09306739,0.0211559,0.06331349,0.03492462,0.01556095,0.1007458,0.0250831,0.02543676,0.002756311,0.002137815,0.03818481,0.06963202,0.0244324,0.199945,0.03505054,0.1630375,0.01736419,0.05647727
117,0.00131689,0.00108598,0.0001235524,1.267101E-05,0.001388205,0.0005781052,0.0003751646,0.002365198,0.000923502,0.003910837,0.09785175,0.02195517,0.0655949,0.03632657,0.01601556,0.1045545,0.02585634,0.0266827,0.002753267,0.001937351,0.03758485,0.07284123,0.02452775,0.1986217,0.0292447,0.1538751,0.01867189,0.05302461
118,0.001366955,0.0011281,0.0001265814,1.226074E-05,0.001406855,0.0005974314,0.0003874209,0.002458312,0.0009564328,0.004059425,0.1010318,0.02261075,0.06829192,0.03754951,0.01653217,0.1090773,0.02634742,0.02694277,0.002697187,0.001706582,0.03640615,0.07595316,0.02440681,0.1969959,0.02353786,0.1472455,0.01914814,0.05101923
119,0.001437621,0.001185266,0.0001313518,1.178927E-05,0.001436314,0.0006159468,0.0003997356,0.002553453,0.0009892621,0.004212509,0.1031414,0.02318004,0.07138322,0.03869323,0.01710773,0.1143274,0.02666519,0.02643432,0.002607109,0.001470171,0.03489373,0.07909626,0.02417168,0.1953695,0.01809108,0.1425035,0.01868707,0.04920412
120,0.001472629,0.00120901,0.0001325757,1.085601E-05,0.001418702,0.0006102551,0.0003971231,0.002554935,0.0009849912,0.004210994,0.1008731,0.02290156,0.0723232,0.03843601,0.01716515,0.1161089,0.02605603,0.024534,0.002463611,0.001286777,0.03309076,0.07946943,0.02337153,0.1920772,0.01474732,0.1436445,0.02425468,0.05419416
121,0.001509733,0.001226899,0.0001338671,1.137468E-05,0.001364774,0.0005955101,0.0003906902,0.00253409,0.000970187,0.004171671,0.1011142,0.02249544,0.06948465,0.03791281,0.01640433,0.1118458,0.02534496,0.02232704,0.002361622,0.001215295,0.03222732,0.07653674,0.02273891,0.1870748,0.01358545,0.1500643,0.03034606,0.06401148
