"<HEADER software/>"
EwEVersion,"6.7.0.17868 (compiled 5/31/2022)"
Date,"7/27/2023 3:33:22 PM"
"<HEADER ecopath/>"
ModelName,1
"<HEADER ecosim/>"
EcosimScenario,"Gulfwide_EwE_mvl_try3 DC adjustments"
TimeSeries,TS_updated_IB13
StartYear,1980
"<HEADER end/>"

Data,"Prey of Surface pelagics"

timestep\group,"Surface pelagics",Sardine-herring-scad,Anchovy-silverside-killifish,Cephalopod,"Pink shrimp","Brown shrimp","White shrimp",Crab,"Sessile epifauna","Mobile epifauna",Zooplankton,Infauna,Algae,Seagrass,Phytoplankton,Detritus,
1,0.005339749,0.02196904,0.02909919,0.05742935,0.001305557,0.001028777,0.004176065,0.005991943,0.1081236,0.08051557,0.2905419,0.1105505,0.06529796,0.071642,0.01419441,0.1327944
2,0.004840311,0.01963535,0.02644516,0.05456055,0.001235512,0.001007565,0.003936283,0.00515575,0.100639,0.07398889,0.3145879,0.1028139,0.07200209,0.07262054,0.01503432,0.131497
3,0.004078249,0.01605219,0.02221078,0.05035354,0.001109573,0.0009555945,0.003538534,0.004091256,0.08847921,0.06373809,0.3633323,0.0922716,0.08101336,0.06534041,0.01594187,0.1274934
4,0.003901071,0.014692,0.02082491,0.05612153,0.001094906,0.000965905,0.003468627,0.003662565,0.08597124,0.05963394,0.3949045,0.08661347,0.07501301,0.05558819,0.01378845,0.1237558
5,0.004082442,0.01462942,0.02107505,0.06989004,0.001142899,0.001008957,0.003588672,0.003581392,0.08930828,0.05896825,0.4017321,0.08417565,0.0645998,0.04987945,0.01138109,0.1209565
6,0.004726147,0.01629785,0.02345991,0.09207184,0.001270395,0.0010877,0.00393864,0.003904416,0.1002232,0.0628705,0.3770564,0.08577678,0.05309298,0.04512292,0.009203793,0.1198964
7,0.00569894,0.0192224,0.02725051,0.1183242,0.001442834,0.001183977,0.004427802,0.004479796,0.1162875,0.06961434,0.3254225,0.08989298,0.04572346,0.04361922,0.007942749,0.1194667
8,0.00662113,0.02220218,0.03075047,0.137063,0.001580132,0.00124858,0.004828881,0.004999442,0.1312374,0.07573633,0.2655485,0.09377702,0.04521519,0.04995982,0.008086081,0.1211458
9,0.007673997,0.02602729,0.03497829,0.1492555,0.001719209,0.001292624,0.005224584,0.005613816,0.1484236,0.08341707,0.2093733,0.09857742,0.04326154,0.05396045,0.008114276,0.123087
10,0.008710698,0.03023537,0.03935559,0.153922,0.00183705,0.001318948,0.005572455,0.00621135,0.1657713,0.09154813,0.1562757,0.1042228,0.04220297,0.05913291,0.008418763,0.1252639
11,0.009175302,0.03283998,0.0415524,0.1440467,0.001848092,0.001289396,0.005631237,0.006402841,0.1745131,0.09581626,0.1145814,0.108565,0.04739903,0.0736993,0.01033176,0.1323082
12,0.01059833,0.0395835,0.04850952,0.1453334,0.001996319,0.001298995,0.006039496,0.007274203,0.1992504,0.1086793,0.07735056,0.1161415,0.03772862,0.06220082,0.008534998,0.1294801
13,0.01061398,0.04328188,0.05168511,0.1201095,0.00190907,0.001210171,0.005854846,0.007152183,0.2007436,0.1157993,0.05000216,0.1216163,0.04607967,0.0849712,0.01178642,0.1271846
14,0.009361404,0.0398348,0.04686071,0.09225789,0.001659359,0.001052101,0.005177724,0.006202928,0.1819054,0.1078551,0.04024396,0.1239616,0.0658166,0.1136458,0.01883027,0.1453343
15,0.008819077,0.03916718,0.04565516,0.0762444,0.001579374,0.00101455,0.005008996,0.005820768,0.1775578,0.1088471,0.03750765,0.1349097,0.06985182,0.109406,0.02081138,0.1577992
16,0.007623972,0.03511985,0.04110895,0.05844109,0.001458708,0.0009914364,0.004717116,0.00507223,0.1634451,0.10493,0.04496918,0.1447449,0.08520681,0.1105062,0.0258094,0.1658551
17,0.006282607,0.02978384,0.03549004,0.04351817,0.001360913,0.001005155,0.004455986,0.00428185,0.1474797,0.09918723,0.07391133,0.1514756,0.1055613,0.09588064,0.0311543,0.1691713
18,0.005522417,0.02671942,0.03256616,0.03582069,0.001359065,0.001058289,0.004414001,0.003915763,0.1406511,0.09744255,0.1349809,0.1526955,0.1008272,0.0740652,0.02834501,0.1596167
19,0.005111481,0.02496424,0.03115811,0.03256928,0.001390153,0.001100527,0.004426859,0.003777601,0.137616,0.09668133,0.2021993,0.1477335,0.08490685,0.0606713,0.02251633,0.1431772
20,0.005230665,0.02567976,0.03262986,0.03375258,0.001488843,0.00114822,0.004615358,0.003995827,0.1433455,0.1007665,0.2394024,0.1443261,0.06665836,0.05169316,0.01695756,0.1283091
21,0.00567488,0.02803954,0.03604127,0.03734899,0.001619703,0.001190819,0.004894494,0.004427639,0.1544162,0.1079651,0.2457086,0.1427335,0.0537086,0.04670423,0.01336655,0.1161598
22,0.005729433,0.02848409,0.03704137,0.03818236,0.001626906,0.001159747,0.004848153,0.004506073,0.1550516,0.108249,0.2377317,0.136023,0.05719755,0.05863886,0.01392405,0.1116062
23,0.006015696,0.03028589,0.03966148,0.03972583,0.001667044,0.001138541,0.004903323,0.004742499,0.1607549,0.1121827,0.2220625,0.1338767,0.05507358,0.06328349,0.01338119,0.1112447
24,0.005665082,0.02878523,0.03814982,0.03689972,0.001563402,0.001063373,0.004604036,0.00444989,0.1519916,0.1069946,0.2159129,0.1277865,0.06536751,0.07894123,0.01597025,0.1158547
25,0.005409066,0.0319128,0.04242154,0.03042402,0.001472892,0.0009999424,0.00438234,0.00423781,0.1445863,0.1198072,0.1881404,0.1319782,0.07598885,0.08634584,0.01923064,0.112662
26,0.005105542,0.03028389,0.04051229,0.0280198,0.001403694,0.0009676955,0.004222522,0.004019888,0.1370084,0.1164922,0.1947521,0.1357841,0.08040251,0.08291624,0.02053328,0.1175759
27,0.00483365,0.02868133,0.03871519,0.02626769,0.001363793,0.0009615603,0.004133987,0.003850123,0.1305985,0.1138285,0.2091945,0.1387619,0.0822198,0.07717729,0.02081265,0.1185996
28,0.00486318,0.02881763,0.03919315,0.02645363,0.001397698,0.0009906568,0.004228718,0.003938865,0.1310025,0.1161467,0.218682,0.1429043,0.07575171,0.06979523,0.01893042,0.1169036
29,0.004722772,0.02783264,0.03821671,0.02595126,0.001393021,0.0009990614,0.00420693,0.003887292,0.127138,0.1145293,0.2282559,0.1426702,0.07727093,0.06924386,0.01907868,0.1146034
30,0.00483979,0.02839346,0.03925407,0.02687691,0.001442407,0.001027149,0.004318823,0.004046944,0.1288809,0.1171706,0.2299313,0.1443438,0.07266246,0.06587624,0.01776391,0.1131711
31,0.005235823,0.03069832,0.04256089,0.02917884,0.001545646,0.001071644,0.004567263,0.004441489,0.1364993,0.1245485,0.2218624,0.1485189,0.06300187,0.06080176,0.01544088,0.1100266
32,0.005676743,0.033425,0.04634307,0.03133516,0.001638001,0.00109705,0.004780093,0.004867382,0.1443471,0.1320018,0.2054853,0.1515654,0.05692617,0.06000092,0.01418114,0.1063296
33,0.006287972,0.03747484,0.05176283,0.03367601,0.001740136,0.001106605,0.005004616,0.0054287,0.1551664,0.1418518,0.1824836,0.155008,0.04996183,0.0579907,0.0128008,0.102255
34,0.00675552,0.040974,0.05632502,0.03453436,0.00178132,0.001076503,0.005071113,0.005845347,0.1622187,0.1485779,0.1577919,0.1559814,0.04801818,0.06237282,0.01288237,0.09979353
35,0.006087704,0.03749061,0.05161898,0.02944825,0.001572831,0.0009414925,0.004501576,0.005244759,0.1454178,0.135404,0.1441654,0.1472444,0.07087045,0.09080494,0.02018814,0.1089986
36,0.005445099,0.03391888,0.04700514,0.02518554,0.00142618,0.0008768243,0.004148723,0.004693566,0.1314937,0.1256932,0.151893,0.1465836,0.08609334,0.09013484,0.02444178,0.1209666
37,0.00457622,0.02509836,0.03573195,0.02337477,0.001302318,0.0008779315,0.003838549,0.003978667,0.1157831,0.09937906,0.2241334,0.1370844,0.09283776,0.07651163,0.02445072,0.1310412
38,0.004040677,0.02172847,0.03188821,0.02201547,0.001242563,0.0009032661,0.003679962,0.003532951,0.1056354,0.09112081,0.2885531,0.1278895,0.08935083,0.06371786,0.021422,0.123279
39,0.003576753,0.01847315,0.02808376,0.02223095,0.0011802,0.0009173692,0.003501342,0.003110723,0.09559025,0.08174221,0.3500279,0.1159507,0.08743512,0.05515909,0.01897451,0.114046
40,0.003273922,0.01592029,0.02511676,0.0248059,0.001133999,0.0009273675,0.003358633,0.002787692,0.08790533,0.07330193,0.3994792,0.1043328,0.08536915,0.04848859,0.01686488,0.1069334
41,0.003175262,0.01431271,0.02336869,0.03095147,0.0011193,0.0009447909,0.003302216,0.002605233,0.08392032,0.06714067,0.4322195,0.09519149,0.08071826,0.04369762,0.01479201,0.1025405
42,0.003548194,0.01485723,0.02470797,0.04453103,0.001208588,0.00101264,0.003529873,0.002789686,0.08931842,0.06784612,0.432311,0.09306329,0.06732707,0.04024399,0.01183836,0.1018667
43,0.004394081,0.01744858,0.02893022,0.06575312,0.001391239,0.001116416,0.004000728,0.003326718,0.1033231,0.07458811,0.4033337,0.0962346,0.0517541,0.03480647,0.00901441,0.1005843
44,0.005728618,0.02208238,0.03586641,0.093706,0.001650923,0.001249683,0.004686593,0.004205205,0.1252394,0.08638066,0.3397391,0.1032078,0.0405894,0.03026791,0.007099285,0.09830065
45,0.007236962,0.02773653,0.04363207,0.1183687,0.00188835,0.001337378,0.005305578,0.00517958,0.1485343,0.09888066,0.264463,0.1092762,0.03579825,0.03152017,0.006420491,0.09442174
46,0.007970938,0.03081117,0.0469192,0.1225659,0.00191186,0.001290572,0.005364673,0.00556428,0.1572378,0.1024652,0.2011002,0.1094801,0.04511933,0.05349767,0.009017359,0.09968374
47,0.007100442,0.02774337,0.04137773,0.09940631,0.001644566,0.001121043,0.004689158,0.004828247,0.1404657,0.09150566,0.1677486,0.1058601,0.07484414,0.09015261,0.01723498,0.1242772
48,0.006937154,0.02744781,0.04025404,0.08847345,0.001597835,0.001122565,0.004647406,0.004659585,0.1396088,0.09139882,0.1511152,0.1141401,0.08009138,0.08593009,0.01892203,0.1436538
49,0.007146307,0.03200021,0.04602927,0.07379912,0.001632807,0.001135369,0.004841185,0.004744232,0.1446496,0.1078404,0.1275552,0.1309446,0.07926267,0.08197591,0.01953459,0.1369087
50,0.006819379,0.03089388,0.04386728,0.06431712,0.001588575,0.001110919,0.004784064,0.004527805,0.1405052,0.107197,0.127118,0.1400303,0.08503632,0.08050952,0.02167853,0.1400162
51,0.006450552,0.02951993,0.04158885,0.05598901,0.001558023,0.001098451,0.004729469,0.004325839,0.1360867,0.1061015,0.1351709,0.1461283,0.0908436,0.07526368,0.02339238,0.1417528
52,0.006105358,0.02813647,0.03951752,0.04944867,0.001546924,0.001100247,0.00470078,0.004166423,0.1322796,0.1049975,0.1534943,0.1495652,0.09323896,0.06749457,0.02386348,0.140344
53,0.005925906,0.02741735,0.03847493,0.04555193,0.001568515,0.001113863,0.004736316,0.004130745,0.1310305,0.1051739,0.1758743,0.1509104,0.08930944,0.06020794,0.02253193,0.136042
54,0.006079966,0.0282244,0.03951456,0.04492611,0.001644289,0.001140784,0.004900484,0.004326867,0.1350186,0.1087429,0.1911347,0.1523755,0.07816949,0.05450125,0.01950324,0.1297966
55,0.00666999,0.03118739,0.04336701,0.04739012,0.001783984,0.001175652,0.005219508,0.004825417,0.1459231,0.1171195,0.1916412,0.1556493,0.06286596,0.04808191,0.01570538,0.1213947
56,0.007609072,0.03607704,0.04960508,0.05143415,0.001953905,0.001196119,0.005602917,0.005556524,0.1617939,0.1288731,0.1765611,0.159378,0.0492283,0.04176053,0.01246079,0.1109095
57,0.008093784,0.03907455,0.0531575,0.05138618,0.001984046,0.001140238,0.005623323,0.005913982,0.1679645,0.1333365,0.1539105,0.156892,0.05042819,0.05179764,0.01324955,0.1060476
58,0.007744986,0.03813447,0.05154672,0.04559023,0.00183182,0.001010629,0.005177919,0.005621188,0.159036,0.1269442,0.1372868,0.1493448,0.06533792,0.07466607,0.01795004,0.1127764
59,0.007355608,0.03691617,0.04976244,0.04019876,0.001708303,0.0009287809,0.004860395,0.005309894,0.1510189,0.1222706,0.1311837,0.1480485,0.0742094,0.08200187,0.02069218,0.1235345
60,0.006797601,0.03464357,0.04682285,0.03483729,0.001591621,0.0008785952,0.004586403,0.004903356,0.1412411,0.1169386,0.1399133,0.1489174,0.08211547,0.08260532,0.02285709,0.1303505
61,0.006346906,0.03136044,0.04275896,0.03227485,0.001530616,0.0009064916,0.004439286,0.004663121,0.1344211,0.1088286,0.1683552,0.1481231,0.08191767,0.07629815,0.02224725,0.1355282
62,0.0055816,0.02764057,0.03828226,0.02790407,0.001420981,0.0009172256,0.004159764,0.004177705,0.1217276,0.1006816,0.2087856,0.1424592,0.08922255,0.07144749,0.02319443,0.1323973
63,0.005081026,0.02499535,0.03524675,0.02585302,0.001363058,0.0009443827,0.004000831,0.003871068,0.1131547,0.09488627,0.2543228,0.136438,0.08832793,0.06265148,0.02166722,0.127196
64,0.004913329,0.02382219,0.03418581,0.02629423,0.00136656,0.0009919162,0.003996063,0.00379629,0.1099868,0.09265086,0.2892932,0.132101,0.08055507,0.05621823,0.01875768,0.1210707
65,0.005093716,0.02428497,0.03532057,0.02906354,0.001430543,0.001057782,0.004146413,0.003971485,0.1125559,0.09449295,0.3028936,0.1307105,0.07049085,0.05259656,0.01586481,0.1160257
66,0.00568606,0.02680612,0.03922288,0.03409532,0.001563553,0.001143169,0.004472196,0.004456048,0.1220088,0.1015506,0.2917756,0.1334182,0.05939473,0.04925736,0.01322317,0.1119262
67,0.006587187,0.03101133,0.04532615,0.04021196,0.001732726,0.001227973,0.00488691,0.005172329,0.1361622,0.1122278,0.2602847,0.1383613,0.05048918,0.04716731,0.01134207,0.1078088
68,0.007455548,0.0353904,0.05145849,0.04472871,0.001856869,0.001269895,0.005184852,0.005846263,0.1487871,0.1218268,0.2181763,0.141816,0.04774542,0.05182661,0.01108097,0.1055499
69,0.007919688,0.03817768,0.05518908,0.04530451,0.001869234,0.001240457,0.005197224,0.006181325,0.1539616,0.1260003,0.1782427,0.1418949,0.05207077,0.06544966,0.01285862,0.1084423
70,0.007468962,0.0365962,0.05285605,0.04014305,0.001711824,0.001137247,0.004799751,0.005789321,0.1443247,0.119539,0.1515977,0.1383469,0.06880294,0.08814944,0.01820781,0.120529
71,0.006618285,0.03284296,0.0477441,0.0335606,0.00153644,0.001064271,0.004398714,0.005116589,0.130211,0.1104883,0.1483384,0.1385178,0.08755785,0.09330507,0.02365901,0.1350407
72,0.00664127,0.03337183,0.04876532,0.0321223,0.001560027,0.001106377,0.004510742,0.005176574,0.1318325,0.1140213,0.1525131,0.1467073,0.08015476,0.08060098,0.02156149,0.1393542
73,0.006183519,0.03107877,0.04594048,0.02920834,0.001513333,0.001108133,0.004411172,0.004888336,0.1254776,0.1102611,0.1717867,0.1482767,0.08256692,0.07754448,0.02208615,0.1376683
74,0.005845218,0.02946374,0.04410158,0.02719686,0.001488181,0.001112633,0.004340669,0.004695899,0.1206506,0.1078077,0.1932618,0.1474532,0.08303063,0.07288685,0.02177122,0.1348931
75,0.005639595,0.02838722,0.04305087,0.02629364,0.001486777,0.001125895,0.004320841,0.004603084,0.1176557,0.1063613,0.2160238,0.1457388,0.08007506,0.06796771,0.02047249,0.1307973
76,0.005551992,0.02781078,0.04271281,0.02630492,0.001500387,0.001140847,0.004332147,0.004592209,0.116107,0.1056688,0.2352566,0.143353,0.07584003,0.06463632,0.01891266,0.1262796
77,0.005338294,0.02649131,0.04125559,0.02603074,0.001476183,0.001130946,0.00424283,0.004451899,0.11176,0.1021863,0.2546646,0.1381138,0.07673752,0.06481827,0.01861256,0.1226892
78,0.00554164,0.02726524,0.04286522,0.02789464,0.001531193,0.001158206,0.004357376,0.004647078,0.1143323,0.1044108,0.2620857,0.1374258,0.06907932,0.06092555,0.01641899,0.120061
79,0.006256592,0.03071683,0.04841165,0.03205456,0.001676229,0.001218568,0.004692862,0.005265621,0.1251438,0.1135259,0.2532937,0.1416331,0.0553109,0.05293783,0.01314169,0.1147202
80,0.007171098,0.03538951,0.05563168,0.03663903,0.001828663,0.001266692,0.005046638,0.006037467,0.1382203,0.1244763,0.2277375,0.1460467,0.04617255,0.04915698,0.01113556,0.1080433
81,0.006755251,0.03352188,0.05281434,0.03374172,0.001675316,0.001146745,0.004628957,0.005644348,0.1282281,0.1160878,0.2070569,0.1370799,0.06513991,0.0774008,0.01649159,0.1125864
82,0.006263554,0.03123534,0.04946204,0.03050406,0.001541027,0.001065881,0.004299255,0.005196407,0.1185976,0.1087056,0.2056328,0.1334742,0.07684894,0.08397912,0.0197157,0.1234783
83,0.005726711,0.02851646,0.04561396,0.02768259,0.001435068,0.001026582,0.004062264,0.004729552,0.1093744,0.101943,0.2253455,0.132191,0.08309481,0.08005378,0.02100036,0.1282041
84,0.005639873,0.02794031,0.04510223,0.02758824,0.001433655,0.001046119,0.004083429,0.004658233,0.1075839,0.1014082,0.2453781,0.1339914,0.07656334,0.07126049,0.01888218,0.1274402
85,0.005518396,0.02675122,0.04365702,0.02814292,0.001427208,0.001014762,0.004075977,0.004391595,0.1049775,0.0985434,0.2665504,0.132627,0.07263322,0.06748964,0.01746731,0.1247325
86,0.00509624,0.02430397,0.04023344,0.02722595,0.00135494,0.0009584737,0.003889066,0.003908691,0.09720621,0.09192408,0.2898783,0.1263244,0.07876045,0.06843583,0.01831182,0.1221882
87,0.004935534,0.02305471,0.03867066,0.02811846,0.001337126,0.0009375897,0.003839316,0.003654629,0.09357729,0.08862234,0.3108167,0.1224655,0.07760424,0.06419077,0.01737033,0.1208048
88,0.005192131,0.02375013,0.04016708,0.03177715,0.001402336,0.0009577535,0.00400222,0.003721213,0.09634703,0.09076121,0.318431,0.1229786,0.06823812,0.05874576,0.01490578,0.1186225
89,0.005606075,0.02518645,0.04274621,0.03652997,0.001486304,0.000981212,0.004211933,0.003892974,0.1010301,0.09443177,0.3120083,0.1243431,0.06123887,0.05701657,0.01325941,0.1160306
90,0.006225441,0.02768886,0.04686312,0.04205853,0.001591111,0.001000305,0.004466724,0.00419277,0.1082318,0.1002881,0.2921788,0.1269705,0.05531836,0.05667874,0.0120581,0.1141886
91,0.007373441,0.03288789,0.0550476,0.04970019,0.001769471,0.001025158,0.00488605,0.004822575,0.1224914,0.1121958,0.2610233,0.133141,0.04448844,0.04957978,0.009878145,0.1096897
92,0.008547419,0.03857433,0.06362743,0.05588274,0.001911215,0.001023396,0.005224923,0.005424799,0.1360901,0.1235769,0.2185918,0.1382233,0.03951558,0.04984016,0.009119975,0.104826
93,0.009873531,0.04556391,0.07383399,0.06055489,0.002027903,0.0009835026,0.00547332,0.006066053,0.1508377,0.1357269,0.175521,0.1421456,0.03452179,0.04918871,0.008405121,0.09927617
94,0.01043992,0.04951073,0.07895818,0.0589035,0.001978102,0.0008822126,0.005317749,0.006187893,0.1547449,0.1389501,0.1344963,0.1411408,0.03933945,0.06698594,0.01066731,0.1014971
95,0.009758862,0.04760379,0.07510889,0.05011532,0.001741747,0.0007386181,0.004724736,0.005573123,0.1428667,0.1297901,0.1052757,0.1369843,0.05551193,0.09978084,0.01689762,0.1175278
96,0.008008249,0.03996553,0.06305573,0.03767926,0.001430528,0.0006248371,0.004011281,0.004439829,0.1197241,0.1128002,0.1008502,0.1375363,0.0841993,0.1172638,0.02650531,0.1419055
97,0.005864938,0.02592789,0.04215271,0.03006777,0.00120362,0.0006269398,0.003519857,0.003193341,0.0966212,0.08262199,0.1872366,0.1315884,0.1058209,0.08870915,0.03009737,0.1647472
98,0.004654087,0.02029683,0.03422622,0.02503114,0.001099894,0.0006641158,0.00326831,0.002524814,0.08296899,0.07188292,0.3039327,0.1198216,0.09776074,0.06137661,0.02429193,0.1461991
99,0.003890239,0.01624346,0.0285973,0.02473069,0.001032916,0.0006938979,0.003075051,0.002090561,0.07301822,0.06259452,0.3997968,0.1045838,0.08653658,0.0478073,0.01868097,0.1266278
100,0.004196178,0.0166748,0.03013371,0.03311666,0.001136808,0.0007629758,0.003320796,0.002212288,0.07748044,0.06437806,0.4281448,0.1012288,0.06540829,0.04021861,0.01316954,0.1184173
101,0.005407386,0.02067021,0.03752935,0.05136539,0.001399399,0.0008846849,0.003997985,0.002783257,0.09427535,0.07532706,0.4056435,0.1077108,0.04450453,0.02857417,0.008871991,0.1110549
102,0.007146071,0.02683789,0.0481963,0.07438906,0.001714755,0.0009895237,0.004790355,0.003566401,0.1167889,0.09031193,0.3475899,0.1161332,0.03147935,0.02112863,0.006268555,0.1026693
103,0.008971778,0.03387475,0.05947175,0.09317193,0.001966041,0.00101327,0.005379169,0.004323426,0.1383286,0.1043461,0.2764285,0.1207754,0.02890022,0.02376864,0.005828601,0.09345183
104,0.01070023,0.04126728,0.07045067,0.10428,0.002123896,0.0009685024,0.00571632,0.004954273,0.1570888,0.1162523,0.2095754,0.1224023,0.02896632,0.03093685,0.006203332,0.08811349
105,0.01191905,0.04737948,0.07870787,0.1053853,0.002145437,0.0008720128,0.005720812,0.00527404,0.1687519,0.1233101,0.1514976,0.1217653,0.032455,0.04655578,0.007735911,0.09052451
106,0.0115975,0.04765804,0.07751866,0.09141482,0.001931089,0.0007280639,0.005176346,0.004890725,0.1616498,0.1182955,0.1067795,0.1184153,0.04612084,0.08501326,0.01276362,0.110047
107,0.009396956,0.03974264,0.06415535,0.06590576,0.001537871,0.0005925354,0.004259166,0.003799903,0.1340052,0.1010103,0.0905393,0.1180703,0.07344554,0.1248496,0.02245159,0.146238
108,0.006845956,0.02945671,0.04818472,0.04369315,0.001236048,0.000560032,0.003627576,0.002729622,0.106136,0.08459866,0.1209266,0.1263563,0.1087174,0.1134546,0.03209152,0.1713852
109,0.006300191,0.03225825,0.05276033,0.03243154,0.001215299,0.0005413211,0.003696242,0.002649401,0.1011312,0.1006594,0.1398907,0.1465225,0.1081051,0.08771772,0.03079021,0.1533305
110,0.005437313,0.0278725,0.04598665,0.02727005,0.001175725,0.0005373303,0.003649873,0.002475364,0.09158748,0.09619446,0.199648,0.1521915,0.1049021,0.06892776,0.0286922,0.1434516
111,0.004900702,0.0248799,0.04146728,0.0250288,0.00117466,0.0005408952,0.003631393,0.00242899,0.08504221,0.0923214,0.2614368,0.1487701,0.09637256,0.05622485,0.02474654,0.1310328
112,0.004744625,0.02364221,0.03975068,0.02564561,0.001221483,0.0005516468,0.003707987,0.002534059,0.08277577,0.09120872,0.3053266,0.1440268,0.08414378,0.04978176,0.02037752,0.1205608
113,0.004660213,0.02262916,0.03835999,0.02733315,0.001258855,0.0005553138,0.003746486,0.002632068,0.08061197,0.08924595,0.3331981,0.1370748,0.0783835,0.04924833,0.01800916,0.113053
114,0.00467874,0.02207083,0.03763523,0.03002956,0.001295955,0.0005555558,0.003785909,0.002743622,0.0793615,0.08769035,0.3467235,0.1307827,0.07548963,0.05088939,0.01661699,0.1096506
115,0.005417677,0.02505836,0.04251524,0.03724367,0.001466278,0.0005736881,0.004171227,0.003262792,0.08793546,0.09596184,0.337036,0.1344758,0.05992863,0.04473146,0.01302775,0.1071941
116,0.006113087,0.02787234,0.04688498,0.04401871,0.001600702,0.0005781254,0.004479369,0.003736723,0.09505679,0.1026963,0.3098233,0.1366604,0.05519769,0.0481514,0.01203358,0.1050965
117,0.006797918,0.03088805,0.05126746,0.04918534,0.001699773,0.0005569553,0.004687045,0.004183085,0.101446,0.1087279,0.2753859,0.1380447,0.05415538,0.05504312,0.01210304,0.1058283
118,0.007552506,0.03450112,0.05633412,0.0532317,0.001789963,0.000527387,0.004880355,0.004655321,0.1085123,0.1156964,0.2375299,0.140966,0.0525992,0.06067807,0.01221646,0.1083292
119,0.008417035,0.03895976,0.06246403,0.05636922,0.001880832,0.0004938876,0.005084893,0.005182476,0.1168241,0.1242249,0.1969703,0.1457891,0.04999243,0.06437305,0.01216687,0.1108072
120,0.008398937,0.03949342,0.06240258,0.0525606,0.00180045,0.0004379069,0.004884943,0.005149802,0.1144276,0.1227719,0.1612439,0.1452707,0.06098657,0.08464022,0.01593086,0.1195995
121,0.007755842,0.03873101,0.06051921,0.04324542,0.001632222,0.0003911291,0.004499217,0.004789467,0.1052866,0.1209857,0.1339951,0.1466171,0.07933198,0.1001482,0.02192804,0.1301436
122,0.007086989,0.03585803,0.05571875,0.03686665,0.001517727,0.0003761023,0.004274808,0.004450549,0.09736682,0.1156783,0.1350588,0.1522654,0.09114975,0.09559795,0.02553397,0.1411995
123,0.006641715,0.03392885,0.05261865,0.0327292,0.001479314,0.0003871727,0.004232605,0.004289696,0.09278085,0.1139344,0.151582,0.1590014,0.09278089,0.08415175,0.02580342,0.1436581
124,0.00618971,0.0317688,0.04934323,0.02947269,0.001454844,0.0004071998,0.004197851,0.004140766,0.08807207,0.1113849,0.1801494,0.1614175,0.09247866,0.07417765,0.02526429,0.1400805
125,0.005727597,0.02935991,0.04580571,0.02697586,0.00142798,0.000429106,0.004125239,0.003974209,0.08284357,0.1072268,0.2168916,0.15868,0.09232674,0.06580272,0.02443637,0.1339664
126,0.005722503,0.02920802,0.04568006,0.0271742,0.001478492,0.00045913,0.004227212,0.004108901,0.08263868,0.1082086,0.2447456,0.1577875,0.08187467,0.05822282,0.02102384,0.1274398
127,0.00614205,0.0312483,0.04879345,0.02955517,0.001595585,0.0004885494,0.004482453,0.004536581,0.08699285,0.114171,0.2553091,0.1597911,0.06761068,0.05210721,0.01713387,0.120042
128,0.006767106,0.03445575,0.053517,0.032696,0.00172442,0.0005035347,0.004753689,0.005097934,0.09302983,0.1218174,0.2480246,0.1618792,0.0578823,0.05005415,0.01469046,0.1131066
129,0.00741029,0.03798104,0.05851981,0.03526232,0.001820529,0.0004955266,0.004932897,0.005645489,0.09855741,0.1286485,0.2283419,0.1625458,0.05378233,0.05340746,0.01388315,0.1087655
130,0.008016432,0.04160299,0.06347745,0.03682444,0.001877835,0.0004691212,0.005016088,0.006135222,0.10322,0.1344467,0.2031422,0.1626617,0.05229317,0.05935141,0.01393352,0.1075316
131,0.008004678,0.04214948,0.06381822,0.03505768,0.00180222,0.0004220552,0.004795093,0.006121098,0.1008463,0.1321492,0.1799234,0.1586258,0.06083634,0.07589143,0.01692329,0.1126337
132,0.007149287,0.03809286,0.0575813,0.02983855,0.001597578,0.0003720193,0.004304117,0.005452967,0.08996543,0.1204351,0.1707847,0.1523872,0.08150118,0.09228592,0.02309245,0.1251593
133,0.006247996,0.03124274,0.04766532,0.02702307,0.001459031,0.0004032871,0.004004738,0.00471785,0.08050185,0.1030958,0.2043777,0.1471453,0.09237763,0.08497012,0.02510869,0.1396589
134,0.005553982,0.02765322,0.04278306,0.02432238,0.001381095,0.0004618349,0.003851561,0.00417594,0.07348578,0.09623682,0.2485415,0.1430401,0.09411302,0.07276142,0.02419031,0.137448
135,0.005016668,0.02459191,0.03871001,0.02319913,0.001332344,0.0005324408,0.003748891,0.00376261,0.0677735,0.09000358,0.298599,0.1364657,0.0914708,0.06229876,0.02204654,0.1304482
136,0.004625146,0.0220627,0.03540294,0.02356847,0.001300519,0.0006047614,0.003669296,0.003447667,0.06315105,0.08414385,0.3437852,0.1281885,0.08824291,0.05498728,0.01988825,0.1229315
137,0.004581006,0.02111141,0.03443361,0.02649236,0.001327372,0.0006841794,0.003727922,0.00337521,0.06200271,0.08192454,0.3710973,0.1227702,0.08079149,0.05060168,0.0172403,0.1178387
138,0.005140419,0.02298703,0.0377151,0.03347093,0.001470132,0.0007831339,0.004071991,0.003734597,0.06719931,0.08722214,0.3709985,0.1246159,0.06615698,0.04582172,0.01377602,0.1148361
139,0.00624974,0.02747519,0.04481184,0.04387982,0.001702808,0.0008863058,0.004624637,0.004471665,0.077665,0.09865338,0.3462379,0.1312503,0.05152234,0.03951583,0.01072793,0.1103253
140,0.007620533,0.03337035,0.05366603,0.05499488,0.001944157,0.000970234,0.005201,0.005359123,0.08987413,0.1120123,0.2963264,0.1384208,0.04470559,0.03975965,0.009458582,0.1063163
141,0.009065666,0.04012349,0.06325912,0.06367047,0.002137703,0.0009985513,0.005631326,0.006250286,0.1018508,0.1249231,0.2428436,0.1435337,0.04095334,0.0431169,0.009039371,0.1026024
142,0.009306541,0.04187816,0.06488797,0.06157152,0.002053801,0.0009201192,0.005391439,0.006260418,0.101452,0.123833,0.194879,0.1395354,0.05386208,0.07106726,0.01321094,0.1098904
143,0.008303612,0.03797603,0.05826474,0.05107207,0.001778688,0.0008072575,0.00473877,0.005448036,0.09029667,0.1116282,0.1676307,0.1342997,0.07744125,0.09871292,0.02063741,0.1309639
144,0.0075964,0.03522,0.05380679,0.04381518,0.00163671,0.00078283,0.004464325,0.004912126,0.0837931,0.1059113,0.1671586,0.1387,0.0871525,0.0950715,0.02352077,0.1464579
145,0.007118606,0.03180317,0.04873174,0.04126579,0.001587693,0.0008344174,0.004393957,0.004522726,0.08043721,0.09884462,0.195652,0.1412311,0.08311389,0.08413012,0.0220371,0.1542958
146,0.006238601,0.02786776,0.04315957,0.03569705,0.00147922,0.0008661425,0.004158263,0.003920616,0.07309489,0.0914757,0.2370481,0.1371727,0.0880997,0.07795034,0.02252668,0.1492448
147,0.005796704,0.02570765,0.0402633,0.03382748,0.001445461,0.0009135471,0.004081216,0.003617662,0.06946654,0.08768909,0.2777322,0.1329399,0.08414993,0.06894043,0.02044409,0.1429847
148,0.005683417,0.02487243,0.03935147,0.03479768,0.001464674,0.0009707289,0.004125976,0.003521962,0.06860737,0.0866271,0.3077831,0.1296646,0.07603794,0.06272265,0.01767685,0.1360921
149,0.005818526,0.02507456,0.03993821,0.03782254,0.001516332,0.001027408,0.004245116,0.003569177,0.06971738,0.0875183,0.3216023,0.1274362,0.0686984,0.0598959,0.01546984,0.1306499
150,0.006042533,0.02566442,0.04100474,0.04154546,0.001567032,0.001070017,0.004359414,0.003653653,0.07127191,0.0887551,0.3222238,0.1254142,0.06479608,0.06082975,0.01429916,0.1275027
151,0.00602469,0.02522467,0.04040059,0.04345198,0.001553133,0.001073324,0.004314152,0.003575005,0.0701658,0.08684728,0.3206426,0.1210933,0.06741427,0.06628979,0.01469567,0.1272338
152,0.006757999,0.02812683,0.04474771,0.05003154,0.001682671,0.001133839,0.004624683,0.003939606,0.07635525,0.09353115,0.3056004,0.1247235,0.0577931,0.06097209,0.0125825,0.127397
153,0.007541815,0.03136395,0.04939612,0.0562917,0.001803925,0.0011871,0.004930205,0.004315794,0.08268958,0.1004537,0.2807701,0.1288633,0.05236676,0.06073619,0.01157707,0.1257126
154,0.007793464,0.03253955,0.05073184,0.05720093,0.001800659,0.001168964,0.004922031,0.004368304,0.08370885,0.1014982,0.2546704,0.1285162,0.05722972,0.07253385,0.0131444,0.1281727
155,0.006925786,0.02897481,0.04506222,0.04947506,0.001597847,0.001064141,0.004422071,0.003796686,0.07481262,0.09159067,0.2495138,0.1219615,0.07635839,0.08883704,0.01823463,0.1373727
156,0.006075913,0.02530742,0.03953097,0.04311591,0.001445192,0.001014808,0.004070886,0.003279973,0.06713426,0.08317909,0.2745369,0.1185909,0.08693717,0.0820078,0.02044545,0.1433274
157,0.006568789,0.03246573,0.05015889,0.0386047,0.001538251,0.001048781,0.004383522,0.003521756,0.07137812,0.1071818,0.2422109,0.1363931,0.08204515,0.07395647,0.01948677,0.1290572
158,0.006582194,0.03245878,0.04971967,0.03809129,0.001541389,0.001031903,0.004428737,0.003540486,0.07071295,0.108277,0.2460336,0.1437472,0.07846013,0.06951062,0.01903525,0.1268288
159,0.006540981,0.0321904,0.04891312,0.0373042,0.001535249,0.001005936,0.004418343,0.003545776,0.0694335,0.1080662,0.2479564,0.147263,0.07894417,0.06802006,0.01941963,0.1254432
160,0.006507965,0.03195992,0.04820468,0.03664837,0.001533936,0.000983757,0.004405607,0.003563318,0.0682504,0.1077319,0.2506954,0.149288,0.07947247,0.0662984,0.01967027,0.1247855
161,0.00667103,0.03272127,0.04895106,0.03712373,0.001570027,0.0009790332,0.004480992,0.003693261,0.06882394,0.1097636,0.2512156,0.1522925,0.0757466,0.0633655,0.01881172,0.1237901
162,0.006883206,0.03376236,0.05007506,0.03779101,0.001610222,0.0009739727,0.004560492,0.003849014,0.0697114,0.1121184,0.2485437,0.1547095,0.07257105,0.06239169,0.01814857,0.1223003
163,0.006991342,0.03433408,0.05050021,0.03773006,0.001623737,0.0009551704,0.004567534,0.003939175,0.06957214,0.1128577,0.2441705,0.1552478,0.07302477,0.06422187,0.01844189,0.1218221
164,0.007348611,0.03624094,0.0527729,0.03874375,0.001677167,0.0009499732,0.004674294,0.004165466,0.07152047,0.1166999,0.2362197,0.1582031,0.06869248,0.06300131,0.01754426,0.1215456
165,0.00758182,0.03761495,0.05424409,0.03884874,0.001699297,0.0009307416,0.004704344,0.004312736,0.07230128,0.118843,0.2270956,0.1596584,0.0679748,0.06531201,0.01766059,0.1212177
166,0.00793409,0.03972164,0.05667446,0.03921102,0.001734476,0.0009129875,0.004766609,0.004520811,0.07400063,0.1224364,0.2153064,0.1622623,0.06553249,0.06617858,0.01735867,0.1214485
167,0.007887487,0.03987395,0.05640344,0.03744994,0.001695277,0.0008700818,0.004651167,0.004492756,0.07244959,0.1212676,0.2059285,0.1615898,0.07052517,0.07241905,0.01909122,0.1234051
168,0.008174541,0.04183859,0.05861636,0.03713464,0.001716913,0.000851505,0.004692216,0.004658792,0.0737182,0.1246461,0.196645,0.1651034,0.06753951,0.07089245,0.01857861,0.1251933
169,0.007121992,0.03225943,0.04547556,0.03573988,0.001546984,0.0008110285,0.004246555,0.00406145,0.06529351,0.09854025,0.2365324,0.1492882,0.08047494,0.07720659,0.02145762,0.1399436
170,0.006299697,0.02851179,0.040619,0.03176748,0.001432776,0.0008057815,0.003966589,0.003591676,0.0590525,0.09032333,0.2722511,0.1394991,0.08823303,0.07137574,0.02232626,0.1399441
171,0.005683738,0.02544707,0.03677605,0.02994661,0.001360009,0.0008217622,0.003792883,0.003238882,0.05434357,0.08383303,0.3183816,0.1312132,0.08749004,0.06196857,0.02083365,0.1348694
172,0.005223428,0.02288195,0.03362609,0.03000393,0.001308999,0.0008428236,0.003667088,0.002964945,0.05056602,0.07807013,0.3620991,0.1227657,0.08444958,0.05474769,0.01888582,0.1278967
173,0.005573973,0.02386734,0.03535809,0.03544338,0.001401396,0.0009122973,0.003893721,0.003143103,0.05298056,0.08089985,0.3765663,0.1226699,0.07006326,0.04841935,0.01508841,0.123719
174,0.006098228,0.02557022,0.03797168,0.04258195,0.001508542,0.0009783825,0.004160041,0.003398735,0.05635291,0.08485325,0.3703164,0.1234868,0.06176815,0.04794271,0.0130618,0.1199501
175,0.007082942,0.02941354,0.04334068,0.05210223,0.001676172,0.001047827,0.004563468,0.003889897,0.06287654,0.09319003,0.3436284,0.1279796,0.05332295,0.04684158,0.01130439,0.1177397
176,0.008398929,0.03494821,0.05071221,0.06232501,0.001869045,0.001106907,0.005023894,0.00453241,0.0713985,0.1042644,0.3029387,0.1343257,0.04651889,0.04641233,0.01006166,0.1151634
177,0.009659148,0.04068132,0.05790601,0.06952105,0.002007442,0.00112211,0.005347416,0.005104884,0.07898853,0.1140858,0.255414,0.1391538,0.04467317,0.05206618,0.01010935,0.1141597
178,0.0101173,0.04339808,0.06065898,0.06858901,0.001977786,0.001057757,0.005260814,0.005218213,0.08061627,0.1161068,0.2119509,0.1389135,0.05214228,0.07089849,0.01282141,0.1202723
179,0.009513503,0.04161375,0.0574281,0.05993725,0.001794099,0.0009509471,0.004826035,0.004789611,0.07536163,0.1096637,0.1827659,0.1365068,0.0679628,0.0931786,0.01807235,0.1356349
180,0.008999064,0.04012257,0.05490538,0.05277601,0.001678547,0.0009044116,0.004597087,0.004461017,0.07176502,0.10642,0.1717641,0.1404421,0.07559177,0.09567742,0.02071386,0.1491816
181,0.007589697,0.03182455,0.04387291,0.04612877,0.001485602,0.0008587135,0.004189892,0.003638861,0.06317258,0.08893153,0.2111153,0.1345755,0.08515417,0.0909597,0.02277659,0.1637256
182,0.006423261,0.02697068,0.0377519,0.03866113,0.001352566,0.0008493293,0.003908708,0.00301579,0.05627331,0.08060759,0.2653957,0.1285829,0.09037118,0.07829604,0.02280274,0.1587372
183,0.005904368,0.0245714,0.03495825,0.03694729,0.001320071,0.0008748638,0.003854663,0.002736643,0.05346784,0.07702679,0.3169963,0.1236444,0.0824911,0.0661568,0.0194767,0.1495725
184,0.005147734,0.02091331,0.03045126,0.03537568,0.001230138,0.0008668689,0.003627424,0.002351585,0.04825823,0.06934529,0.3729256,0.1125395,0.08211693,0.05923306,0.01797613,0.1376411
185,0.004538611,0.0177249,0.0264952,0.03631967,0.001145086,0.0008490959,0.003394159,0.002027081,0.04360908,0.06168543,0.4235133,0.1005272,0.08186823,0.05168302,0.01650348,0.1281165
186,0.0045347,0.01686551,0.02570077,0.04417771,0.001159164,0.0008725454,0.003426172,0.00196492,0.04332079,0.05943485,0.4480459,0.09459475,0.07258988,0.04614283,0.01374486,0.1234246
187,0.005079506,0.01804714,0.02764596,0.05953641,0.001262588,0.0009319237,0.003703243,0.002126218,0.04697682,0.06203786,0.443392,0.09432492,0.0599934,0.0423692,0.01102117,0.1215515
188,0.006285774,0.02170712,0.03279724,0.08245233,0.001464419,0.001017957,0.004235572,0.002540016,0.05517681,0.07012606,0.4107619,0.09927909,0.04705317,0.03679467,0.008614375,0.1196935
189,0.007839729,0.02669559,0.03933045,0.1080216,0.001693626,0.001110868,0.004870069,0.003055152,0.06536534,0.0803355,0.345467,0.1064837,0.04274831,0.03914493,0.007916433,0.1199215
190,0.008777119,0.02990306,0.04279715,0.1183687,0.001773728,0.001107718,0.005096299,0.003291741,0.07075335,0.08506207,0.2880129,0.1087818,0.04806943,0.05418298,0.009448876,0.1245731
191,0.009570764,0.03296234,0.04574911,0.121118,0.001819105,0.001085762,0.005236894,0.003458315,0.07538649,0.08938006,0.2388155,0.1123046,0.05184577,0.06620888,0.01095542,0.1341031
192,0.009569541,0.0334373,0.04525961,0.1115228,0.00175401,0.001034371,0.005105185,0.003344518,0.07523219,0.08898055,0.2040007,0.1150892,0.06146076,0.08205768,0.01406234,0.1480894
193,0.009789005,0.03916159,0.0516248,0.08907914,0.001727273,0.001044103,0.005136212,0.003300075,0.07677761,0.1036458,0.1563991,0.1297733,0.07381487,0.09393218,0.01850772,0.1462873
194,0.009685574,0.03956192,0.05103161,0.07997278,0.001681234,0.001047542,0.005092841,0.00320716,0.07645416,0.1053935,0.1411438,0.1412428,0.07678737,0.09187745,0.02018507,0.1556351
195,0.009332589,0.03890909,0.04938653,0.07019266,0.00163158,0.001055165,0.005019673,0.003086083,0.07485071,0.105859,0.1371915,0.1508061,0.08101522,0.08975717,0.02197853,0.1599284
196,0.008655217,0.03676697,0.04621286,0.05978702,0.00156211,0.001056017,0.004862606,0.002900696,0.0712668,0.1037107,0.1457568,0.1564326,0.08881285,0.08612776,0.02442186,0.1616671
197,0.007974671,0.03441637,0.04306799,0.05133623,0.001512403,0.001067853,0.004732906,0.002745612,0.06777687,0.101333,0.1681482,0.1593548,0.09344399,0.07756044,0.02551432,0.1600141
198,0.007966708,0.03489279,0.04345066,0.04853456,0.001564623,0.001120281,0.004864152,0.002840971,0.06887453,0.1048134,0.1898185,0.1641194,0.08314465,0.06727594,0.0224457,0.1542731
199,0.008161118,0.03625365,0.04491268,0.04758108,0.001636434,0.001167935,0.00503194,0.00301077,0.07103083,0.1094066,0.2052714,0.1671145,0.07280467,0.06164232,0.01958792,0.1453863
200,0.008919238,0.04033835,0.04951772,0.04964481,0.001768826,0.001220071,0.005346268,0.003373226,0.07681271,0.1187694,0.2050476,0.1721537,0.05984952,0.05513689,0.0162223,0.1358793
201,0.009327722,0.0430335,0.05236262,0.04936881,0.001814149,0.001212784,0.005420086,0.003574605,0.07945427,0.1234889,0.1954829,0.171775,0.05804055,0.06026433,0.01606537,0.1293144
202,0.009017477,0.04248253,0.05138184,0.04506223,0.001726123,0.001130819,0.005130007,0.003466446,0.07654644,0.1202002,0.186651,0.1654351,0.06717398,0.07489204,0.01904563,0.1306581
203,0.008190336,0.03931253,0.04750507,0.03881056,0.001575766,0.001038996,0.004703624,0.003154261,0.07020336,0.1123995,0.1898942,0.1588695,0.08037482,0.08374996,0.02280364,0.1374138
204,0.007693883,0.0375186,0.04541408,0.03503954,0.001505368,0.001008229,0.004519607,0.002989236,0.06673586,0.1092134,0.204955,0.1580462,0.08235123,0.07927441,0.02295757,0.1407778
205,0.006778724,0.03208694,0.03926122,0.03163825,0.001398838,0.0009790848,0.004213118,0.002737163,0.06041341,0.09740119,0.2468317,0.1500419,0.08667006,0.07424871,0.02315195,0.1421477
206,0.005915237,0.02795765,0.03476103,0.02823994,0.001304268,0.0009609456,0.003937915,0.002481397,0.05428332,0.08929844,0.2935104,0.1408657,0.09092391,0.06620039,0.02281824,0.1365412
207,0.005353446,0.02499487,0.03166236,0.02725384,0.001256819,0.0009668221,0.003785559,0.002326288,0.05014512,0.08347316,0.339721,0.1325758,0.0887058,0.05746669,0.02080015,0.1295122
208,0.00518441,0.02371448,0.03056879,0.02911529,0.001270328,0.001001099,0.003796563,0.002317548,0.04875475,0.08128007,0.3707875,0.1272872,0.08137508,0.05201799,0.01803682,0.1234921
209,0.005169302,0.02304675,0.03016474,0.03256546,0.001299302,0.001037832,0.00385045,0.002353014,0.04828043,0.08005501,0.3865736,0.1228281,0.07651971,0.050664,0.01624937,0.1193429
210,0.005494113,0.0239196,0.03157373,0.03853175,0.001380025,0.001096242,0.004046253,0.002524253,0.0502561,0.08240381,0.3839045,0.1222204,0.06983181,0.05024719,0.01447281,0.1180974
211,0.006489224,0.02790445,0.03670498,0.0487918,0.001571693,0.001201996,0.004532503,0.002991946,0.05714352,0.09217722,0.3609943,0.1286556,0.05692672,0.0454413,0.01179003,0.1166826
212,0.007874968,0.03384849,0.04399056,0.06079273,0.001803276,0.00131284,0.005126803,0.003619405,0.06647032,0.1054978,0.3177195,0.1374222,0.04784321,0.04294782,0.01006251,0.1136676
213,0.009352616,0.04070043,0.05195785,0.07064468,0.002000222,0.001376452,0.005622249,0.004254751,0.07588594,0.1188353,0.2638716,0.1447436,0.04402162,0.04615659,0.009638091,0.110938
214,0.01042836,0.04638234,0.05807559,0.07425119,0.002077589,0.00135417,0.005800214,0.004663154,0.08204286,0.1274129,0.211603,0.1478772,0.04632935,0.05841941,0.01097026,0.1123124
215,0.01079253,0.04931976,0.06068887,0.07083695,0.002018197,0.001262899,0.005639017,0.004724407,0.08332541,0.1293723,0.1666904,0.1481909,0.05394526,0.07793849,0.0141048,0.1211498
216,0.009453559,0.04431316,0.05407898,0.05679153,0.001727778,0.001090105,0.004914969,0.004054965,0.07364956,0.1165182,0.1411548,0.143893,0.07875145,0.1062576,0.02238503,0.1409652
217,0.007841577,0.03539212,0.04346849,0.04658603,0.001495286,0.0009557364,0.004390707,0.003341501,0.06408169,0.09832183,0.1666295,0.14229,0.09594864,0.09866639,0.02697227,0.1636183
218,0.006534219,0.02977342,0.03716394,0.03748548,0.001354877,0.0009034241,0.004082226,0.00282055,0.05682426,0.08952539,0.2236559,0.1406842,0.1019651,0.07914459,0.02720419,0.1608782
219,0.00549974,0.02492954,0.03185112,0.03231477,0.00125632,0.0008747868,0.003832052,0.002434378,0.05070502,0.08109901,0.3020562,0.1326218,0.09808232,0.06106289,0.02415407,0.1472259
220,0.004792983,0.02123661,0.02788748,0.03097225,0.001191062,0.0008551234,0.003636186,0.002171289,0.0460619,0.07361716,0.3730651,0.1211838,0.09101948,0.04948779,0.02043917,0.1323826
